14 0 249 162 260 213 214 271 61 160 131 265 196 143 151
15 296 85 159 290 285 39 282 68 89 119 112 154 97 153 132
14 180 75 276 273 63 96 121 111 48 101 223 59 293 274
14 216 212 259 156 224 241 146 236 73 10 205 12 206 208
17 167 108 103 161 137 74 21 32 174 50 11 42 201 106 288 94 257
18 54 80 148 15 57 200 232 284 204 82 114 283 16 266 71 262 135 247
19 168 41 88 294 95 18 245 188 29 217 295 27 147 25 98 141 256 173 130
19 116 164 7 203 136 227 125 113 277 244 258 237 76 83 248 242 126 272 2
19 87 72 127 218 225 60 79 53 102 185 170 190 90 181 152 47 1 84 169
19 34 275 8 13 150 198 226 91 28 14 243 22 140 138 250 104 233 178 175
22 184 4 133 58 107 267 129 281 40 239 158 207 269 235 5 20 292 155 186 69 49 183
22 99 134 24 92 144 187 166 230 128 202 254 209 177 6 287 124 78 43 279 37 189 165
20 110 246 210 193 105 44 172 157 86 163 117 23 93 81 219 145 297 240 77 211
15 62 171 222 64 26 3 109 70 139 238 289 120 30 123 149
13 286 220 56 38 122 268 298 118 35 67 176 251 278
11 299 19 253 197 45 255 31 142 228 229 9
9 261 191 291 264 182 252 231 194 52
7 263 195 199 51 192 215 270
4 55 280 17 46
2 115 66
1 100
0
0
0
0
0
0
0
0
0
0
0
0
0
0
0
0
0
0
0
0
0
0
0
0
0
0
0
0
0
0
0
0
0
0
0
0
0
0
0
0
0
0
0
0
0
0
0
0
0
0
0
0
0
0
0
0
0
0
0
0
0
0
0
0
0
0
0
0
0
0
0
0
0
0
0
0
0
0
0
