25 370 3729 7329 2650 6896 6074 1247 5071 9835 5961 9199 1248 2048 8552 9689 7725 2492 534 7278 3050 85 4495 8521 9128 736
27 3545 4194 8100 4162 4733 8234 631 9855 7479 3183 9040 6492 630 2499 4229 6719 940 7756 8011 539 975 5650 6436 5941 5003 2386 4560
24 574 5502 336 1533 8671 5670 6755 572 5186 1379 9099 9615 4372 3248 6119 9435 852 5850 4622 5440 6071 6264 5429 7830
28 5439 4370 8363 3339 2578 1413 5207 7068 7254 1227 6644 9132 8254 6985 7258 2980 2106 3451 7383 8925 9681 4426 9386 1117 1249 89 1010 5728
27 1523 4930 1345 2176 4476 3099 5986 3778 6470 696 9189 2836 7135 565 1461 7771 5798 3787 4130 7813 4818 6167 7499 5633 1610 5193 4122
29 1360 7431 4376 9366 6847 2116 1954 6121 9967 280 3141 6485 4151 6695 390 4424 1629 6893 5472 9460 470 9288 155 2434 7747 9663 1137 1694 1028
27 1147 9223 9780 1794 9004 9502 8107 7902 8079 9607 8375 9829 2215 2307 3164 6630 4017 232 6751 4981 423 9068 9155 5034 2405 3793 4218
28 2636 1381 1886 2431 710 8505 9274 421 3692 933 2925 6761 1312 906 2213 7715 6530 5840 6260 3190 5246 399 9000 6261 1091 7319 1105 6498
29 7766 8934 7973 6212 9686 1455 2296 790 4821 4060 863 7165 9987 7534 2516 8767 96 9948 8288 1591 8900 6371 1982 8324 9175 261 6143 3757 3838
29 7706 9542 1823 4656 2013 346 9269 926 7066 1026 9518 2128 8404 2090 2421 7270 5399 9547 7411 787 3203 5826 6365 5467 7389 67 5497 2404 101
29 9213 4889 6057 6158 6704 4928 2359 6398 134 3366 5442 3019 7154 1916 6972 3556 4242 6402 418 2175 6186 3726 5148 8817 4298 4198 6583 5947 3060
30 6373 7093 4442 6295 7727 663 583 9957 8266 7762 1541 175 4307 4585 5598 8590 3869 4326 5065 7283 9954 2911 4529 8624 7554 2664 1631 2895 1460 6787
30 4400 9996 5300 5455 2088 8425 6233 651 8697 1048 5426 8403 3727 2150 1183 4731 6066 1114 6438 4820 9466 7780 4943 3830 5445 5353 967 2198 5333 1170
30 8053 7953 1441 300 9307 8787 3884 5189 9978 2715 9072 4196 3681 9381 87 8386 6390 9407 4502 2686 2919 3742 1318 7297 2760 8716 6883 6378 3226 4271
31 640 5443 6473 8844 1435 3062 467 6393 5880 4661 5628 2750 6385 9636 6163 78 5835 3210 1 8573 6142 6048 6577 7354 1590 3533 5314 2456 779 4087 6686
31 240 4258 3452 9322 595 4075 9724 6789 2336 6569 8599 4831 4672 4299 7030 6109 923 3025 5192 6931 7694 5609 4465 3012 9798 990 9420 6813 4287 7148 8710
32 3503 2947 3815 2006 9193 8174 3701 1399 814 6865 8388 8814 2550 6697 5155 7954 6379 1495 4575 4919 8077 4274 8233 732 9969 5000 2478 449 3562 8681 7000 7306
31 3243 6401 7669 4135 7846 1521 1759 7775 5799 4396 2324 2741 1125 8526 1583 206 4797 4522 5132 8102 524 996 5685 8075 165 7911 3797 7617 3276 5103 7409
32 6796 4362 7235 6622 3834 2133 8423 303 8687 8230 9218 9005 7844 945 1634 9698 1077 4799 7224 2070 7952 916 7203 1245 747 2824 2333 9135 437 3490 8293 2341
32 6579 3064 1546 5684 7100 4509 8009 7779 8922 9203 3139 4276 1775 702 3440 5983 6228 1625 8909 8383 5244 4381 1372 5607 4375 3273 3404 4007 3509 7210 4784 243
33 9035 4851 7446 9239 9106 8626 3028 8274 4872 1031 2449 2585 8106 7538 7675 7974 4212 3094 7197 4951 8429 7244 8830 635 3224 8536 8366 2470 6994 3949 7899 8560 5347
32 4479 5568 1887 7051 3261 9808 8232 1695 3917 8532 4969 7251 376 6093 3821 2891 9011 3031 3880 9727 3794 6035 6923 2811 4398 5265 2290 4172 8287 8805 3812 3585
33 8507 9741 4225 2979 9032 2974 9165 5346 4631 1422 3872 6294 2817 443 9002 1342 7574 9968 4909 2717 6102 4360 8171 2011 2880 8180 3041 227 8224 194 743 8901 6151
33 1030 7679 2476 6108 1073 7896 1076 248 7543 6727 4577 2244 1393 3534 311 3131 1635 9463 9071 1392 5376 3578 993 6982 9051 8196 1411 7083 6124 8874 3897 5696 6747
34 3083 5352 575 6263 49 6790 5754 5913 6897 413 7355 740 8126 479 5256 1290 5737 5960 6899 7452 2773 2199 3849 8803 4514 4871 3435 4466 760 8802 9887 6519 7873 3936
34 7692 3573 1601 4118 2039 447 4026 4811 8943 9200 427 8529 8121 7130 6496 4637 8362 8257 1447 3346 3599 8298 2958 9704 8976 9115 7583 4980 9 9543 8867 3714 2576 4993
34 1158 1873 6117 4754 2586 1738 2857 5583 8271 1375 5968 4994 1953 517 8978 8584 9519 7600 8696 4714 167 8043 2416 7784 5620 4200 3119 9064 1555 2969 5591 1620 335 2690
35 7481 9380 1404 706 2788 4078 8431 6731 861 5470 9281 7827 9033 8617 5716 5499 9453 5280 2652 275 1229 339 1836 2111 5833 7539 537 6830 5135 6861 3594 9365 819 1284 818
35 9059 5403 358 6290 9771 6383 4045 8983 7765 7129 2308 7660 9768 6010 880 7078 6426 422 7498 3522 299 4876 9208 1291 6814 2197 7624 4220 3067 8029 2638 3296 9869 4736 9378
35 8021 6406 9017 2280 3434 2417 7513 694 1148 8419 6450 4679 3355 7477 7055 2959 4531 9253 5284 8010 2443 5026 2865 2625 8674 737 3386 7606 3491 5599 4705 9391 3121 8133 7191
35 6300 1816 3017 136 8720 6655 7146 3129 7266 5438 527 2841 7943 4469 1156 4539 6699 2003 2155 7360 3196 2447 2987 1281 5418 2847 4505 5594 6064 8936 2985 1810 9121 6003 9521
35 6826 9674 3856 6597 1537 977 2104 4899 6797 1211 3021 6123 4602 7291 116 108 3850 5123 7656 5837 2707 1231 2649 9550 7067 1515 894 570 8251 4880 9719 4842 4181 4963 1934
36 699 246 7223 6767 4629 5749 9257 468 5157 4588 5739 891 4858 7238 338 1809 731 2081 6077 8041 3437 2774 9693 9582 1741 4182 3848 6392 2647 1707 9123 3002 1193 3546 2580 1265
35 5781 2556 4393 3871 7732 128 1319 9888 2718 2277 8343 2554 4209 6316 5104 2082 3581 2854 8773 960 5643 2477 8331 6563 9461 4596 2964 6551 9494 8884 6804 7200 4931 1054 8435
36 2042 7862 7462 9670 8941 9845 435 6058 2923 4635 3857 5357 7778 5572 5091 419 874 1907 5156 7579 9856 755 4785 1315 5261 5344 196 1668 5773 6144 7378 1371 1567 5025 597 2173
36 3479 7710 563 3687 9964 4076 2532 6311 394 8647 6244 1355 8218 1199 5944 2345 426 1396 1140 2241 1482 4351 9818 293 20 4755 3887 53 8812 3065 9069 1304 2411 3214 130 2940
36 3311 8372 798 9374 4489 3275 9338 4992 9867 5681 7522 7963 1006 6743 5247 9186 4906 1219 7505 2 8575 9001 360 4332 2272 2074 9205 3173 7046 8731 4573 3475 3744 4972 6582 5615
37 9107 7186 7011 359 41 5715 4255 6675 9324 9788 9546 8616 8542 4248 8911 8564 4781 2771 12 269 2165 9758 9479 2073 8205 6080 3320 3895 4738 3722 6022 5978 9706 2132 7677 6409 8865
37 5821 6914 9548 7926 5736 5531 120 1516 8220 9268 9079 6277 2340 3003 2338 7323 5726 1165 7020 8409 1434 999 5480 44 9448 8176 8520 3228 7607 5994 9717 2688 4457 8497 5745 4005 9584
37 7024 8988 7745 9759 2191 3098 361 7138 4213 7158 6590 7972 1003 8294 5886 6214 4638 7469 6545 9204 5308 4766 8394 9097 2083 1905 2761 2453 6033 367 8958 6081 7924 9923 70 247 9094
37 8669 5239 8374 521 8463 8721 3664 1612 9983 398 7970 625 4402 6320 2850 2024 3442 4548 7611 3765 2194 4883 610 5814 1377 4996 6629 6858 4782 3908 5223 6162 9291 9900 8605 114 4094
38 5616 2242 9373 4009 980 4262 8798 1478 7763 2787 2794 9517 1553 3051 4761 7979 7991 9096 4515 4339 5772 3325 6181 4687 3875 5079 3469 6567 982 4641 6656 8135 7220 2790 4934 9886 4568 1376
38 727 1279 6009 2402 2035 1479 4742 8955 5231 624 424 6775 2766 7597 7668 7105 2849 992 7181 2314 2461 4987 4175 1013 5748 6841 9134 6293 1606 3001 6514 2127 1139 9246 9803 7523 2084 9478
38 9299 6457 826 8724 714 1681 366 63 9928 921 6478 6375 720 5474 4816 6357 363 3163 9201 2683 1526 6986 1568 9184 851 9452 6494 9174 6141 2412 9192 3882 9041 2639 9667 5757 4460 4452
38 5126 1418 9050 2058 1888 2933 8452 6643 8061 4059 636 9935 2611 3741 4526 504 7586 1017 2845 1000 9690 6411 259 6667 4015 8726 9743 4179 3673 4358 1574 476 1157 4253 1798 6037 1729 7909
39 1960 7708 1081 5444 4713 8620 5329 2000 7893 1609 983 6240 4935 6381 3264 7108 3394 436 9285 6297 550 4603 8949 5807 8489 6094 4716 2762 50 7007 937 2161 3547 1159 6234 7269 2089 8604 4764
39 1971 5933 1109 7368 9828 7529 1608 7509 8253 4323 7947 9577 353 3307 6735 6046 8500 2535 5945 5580 4564 258 8460 7352 4823 6742 1940 4455 4413 7379 8276 8999 5407 2870 9403 5337 5321 854 5917
40 1214 3985 8665 2343 3718 4521 8559 4533 5847 393 6703 4154 8804 2231 9910 1743 8565 2727 7099 1757 434 9173 1228 3117 3743 6230 6296 3353 962 6090 3618 3476 9879 3297 5463 3377 2659 2504 3754 866
39 7507 107 774 6060 5617 2916 4681 5621 2757 3565 5203 5296 6012 7 6454 6993 2861 5992 1511 6950 4170 6187 1861 4986 5524 9631 5044 4581 8477 824 7795 2014 330 4205 7967 3415 8993 5125 5428
40 2355 2185 2561 189 6607 5409 7014 5970 4016 8845 6641 8003 1944 4970 585 1981 2206 670 3176 1949 936 2178 3342 9095 5973 764 8832 2885 4918 505 5679 2530 7395 5789 9600 4924 3023 1883 5085 9275
39 5230 5741 314 1269 3161 1972 2225 6016 1572 9739 8914 2253 3540 3464 3221 7785 4948 4063 8499 9145 1676 3721 2978 284 5185 7936 8579 1829 8130 4566 3082 4403 6092 2022 9454 3130 8957 2777 3194
40 2892 4051 6664 1851 816 5630 6421 5644 4115 8408 9716 2906 9111 745 8779 5871 5920 8833 7405 3645 5483 210 4486 6720 6200 741 9363 7764 2955 4167 4905 7185 4070 3677 4689 8719 3407 5640 7141 3466
40 7121 4144 5538 1021 2077 9770 2702 5414 2784 9611 9777 2064 3073 143 593 1876 1192 4176 5632 3159 3852 4964 8972 9278 3835 4301 1066 345 7009 8863 3336 4985 9532 9194 7742 3153 2904 581 1035 4235
41 9345 1368 6333 4704 2970 8214 9498 4611 8349 8829 7613 8742 7308 2634 7010 8250 9472 2214 7453 9599 2710 6045 3034 7261 8340 1022 2295 6891 1133 7396 6846 4042 3956 458 138 5298 1818 959 3688 1222 4770
41 6806 828 6114 1198 721 2709 8256 9393 7458 8569 9997 4771 7213 8488 8906 3748 5288 8012 7713 3758 8550 6595 8513 8670 1412 2491 637 4034 1171 6245 98 1209 4666 9450 2096 8544 6766 1624 1366 3232 2691
41 180 9799 2310 7937 5326 4335 5918 2604 9508 8511 3103 838 7305 8201 9558 7796 8193 6251 3638 9170 2544 8132 4668 2433 4387 1326 4033 3254 7199 347 8162 7070 4862 5365 580 895 1632 7263 1042 5496 9396
41 7749 6998 3132 9924 7931 5175 4270 847 6281 3364 9622 9022 7338 3187 7252 654 3894 9301 6974 9344 7333 8473 758 9585 5153 1662 5506 9526 1705 6701 8733 5549 3822 32 5330 1918 3760 4254 3828 368 4692
42 4551 3818 4698 8512 328 6210 8752 3873 1337 9511 3710 1943 7793 7879 976 3111 4532 6462 7569 775 4547 6352 5451 888 3334 3634 8551 3382 7592 3333 1421 2458 6587 199 9484 7419 1781 2912 3284 3395 6237 30
42 6784 873 7815 2249 357 4327 1019 4667 8487 4202 7374 7212 4921 8028 8886 4273 545 3686 1967 7928 8370 6968 2019 6013 7236 5820 2099 4966 8840 6337 4419 8049 4877 9614 4913 6880 7782 9044 3632 9279 2982 3774
42 4456 4891 6540 6900 2157 4516 842 7961 6811 9941 4660 6845 6321 4227 234 1834 484 1654 2435 1828 3488 7366 8097 193 8570 3792 6051 3904 9792 9852 5810 5078 348 2984 979 9837 1141 5068 7110 4775 466 1584
43 508 2409 7913 109 4645 3253 8096 7604 9400 5491 5893 8159 2454 3201 3649 3720 7331 7687 2594 4268 6566 9594 8869 9998 9740 1112 2963 5698 5534 2131 1347 316 3 9493 5919 8850 793 5335 9620 6355 8240 3385 3728
42 6995 9083 3616 1087 821 5066 6515 8163 5106 9036 2803 7933 7388 6647 6749 8094 1129 3694 312 516 2685 6075 8101 9646 4594 8882 2708 6817 9108 6639 1101 5305 1711 2362 2240 9464 6548 6620 7906 9061 7133 2542
43 2284 7542 141 2643 5515 8247 1059 2164 6040 9914 292 1615 5069 4995 8084 5733 9066 1860 912 7346 4915 1038 6073 9520 3384 1034 7886 2776 6922 681 6364 8381 4210 9589 2258 4805 8226 9625 2749 6310 1425 2934 5412
43 5272 3069 1354 2029 8611 5293 7127 6113 4590 489 9731 1203 154 2678 8828 8270 1483 8864 3898 914 7164 9789 2725 8897 7249 4669 6208 2996 8962 1831 2813 8602 16 2315 981 3631 4169 3497 3436 8578 6135 1664 356
43 4217 4203 5198 6025 5233 9897 8329 1731 4041 8456 6324 9618 9504 8002 9805 2752 9528 725 3052 8297 4237 4098 4267 6916 3134 166 4512 7751 3749 9497 3855 6777 2822 5064 7142 5803 9214 3715 3379 2007 9167 4900 8952
43 4812 4216 7576 8317 8032 8273 4461 1063 6471 3246 8627 6976 9248 6698 7239 4828 1825 2008 5447 7737 6194 308 7225 1692 6202 7298 5851 503 3653 7553 8400 6610 7025 8479 354 4610 5600 683 5585 3647 778 6168 99
44 5636 3602 5977 9507 7840 5050 493 3396 5082 6776 7847 8792 567 2252 1027 8059 7716 526 6184 244 3408 170 6657 6099 4839 5486 6586 2676 2981 55 9232 2720 9342 7655 2372 5136 132 7649 4347 7672 1621 5629 8039 1768
45 147 8541 1466 1745 5184 5839 7755 4079 4707 47 600 238 209 4657 8145 5370 2557 9890 9300 9926 1773 5114 3335 2670 5999 9120 9289 6689 957 3669 713 215 8530 9669 4103 2419 3912 377 4795 9779 7993 2829 9370 1945 1740
45 38 6065 609 7580 4855 576 9703 7247 431 3231 879 4058 342 3453 5338 8054 7581 4186 1177 3045 667 9973 6183 643 8965 6615 2306 6188 2998 6254 5603 7738 7082 3417 6756 7053 2271 6648 800 1474 2441 7460 2394 4856 607
45 9953 5874 5388 9409 8498 3298 5046 8161 9993 1653 4758 7031 3006 8339 9606 9617 1685 8112 5648 8211 277 3963 4613 1589 2067 1811 2274 9725 1070 6571 588 3128 9337 1065 6453 8008 2951 5235 2626 9793 8651 1287 6031 5883 8525
46 3474 4700 410 3719 4721 6199 2526 2281 3703 6138 4192 1784 3842 6248 6909 6969 3755 4895 8384 408 5310 6864 4773 9451 4083 812 9043 5216 1639 473 3426 8639 1536 8269 7801 2297 6936 9537 2108 5902 8475 5473 7855 7205 6164 2193
45 4131 2509 915 6334 8937 6898 5469 9141 7156 9102 2071 9070 249 590 8956 3213 7752 9864 7088 5570 6525 131 6646 1339 6286 3188 6882 201 8078 2468 3403 5227 3375 9183 2033 3702 4825 1463 4890 7634 1930 7163 185 5174 8389
45 3102 997 8283 7178 7172 7817 886 1993 7854 253 4627 1374 2798 3058 1626 5990 1216 7770 6467 1563 6827 5753 905 5950 1473 5946 5801 8127 7116 5765 2517 9084 970 7303 4752 6542 1180 2260 869 6739 5109 8438 6076 8215 6285
45 4525 4746 7401 2705 213 8944 2086 2030 6298 4014 2632 1576 7816 4342 9854 8342 8644 9586 7528 6218 548 4286 8259 6039 8794 661 1493 9237 4291 8360 9251 4911 3145 4620 2489 7724 8146 1895 4859 795 829 9330 9490 5087 1043
46 8866 5936 4282 4927 8747 8596 4836 9321 2540 5925 1468 5667 3525 2730 9052 8450 1500 3788 1703 2390 8545 9873 8249 6067 7466 7054 8896 9705 2180 2942 7632 7966 3891 5768 6278 8793 5194 4473 9379 31 233 4694 1538 4788 2028 2265
47 3162 2896 91 1586 5215 7149 1987 8323 7547 7391 8729 9628 4226 7828 1600 8261 290 6793 6134 3487 7039 5574 3583 881 6521 3926 179 9216 9008 2809 1166 4126 1278 1357 6400 6860 9182 4708 8200 5738 9470 9465 8769 4261 267 2973 153
47 4433 1877 7418 6557 8024 6820 678 6708 1508 9713 5522 1948 3589 7960 8728 7786 4195 4853 5493 2140 544 8991 9018 2222 371 307 4155 6723 9428 2380 7478 2525 7176 8785 8967 302 6726 6043 3611 7609 6166 8688 5605 7195 6459 9563 9328
47 7842 1487 9153 9117 5989 7921 633 3421 8042 4640 5219 9429 3684 5295 401 3152 4956 6070 3251 5959 3836 3672 7262 8222 8822 8583 7013 3918 276 297 5818 3146 8780 4146 523 7277 5401 2285 4411 7977 8702 1790 5766 4869 8426 1658 9870
47 5297 3560 3506 7228 5729 3127 2105 152 6988 5655 3124 1894 7651 6259 3604 858 552 5206 2123 5022 9538 7700 5057 2228 6465 7836 5392 4511 8592 5868 4269 9712 2377 6977 759 3959 2838 8548 3993 892 4256 6363 8158 4289 8229 8940 6369
47 2254 4440 9055 8335 3878 682 3654 2957 4677 6799 1964 4068 7515 1898 176 7096 6715 9019 7739 222 2303 8717 3886 5912 2275 1225 2877 5049 9685 5658 8258 6876 6152 9211 15 5422 5718 1458 4474 6835 9933 8862 4908 7465 2076 3332 7234
48 7787 2162 7420 6536 3841 2613 7059 6857 1998 3734 4937 2712 3155 5162 5942 973 6570 3429 9922 1919 6611 7028 9220 2863 9682 2001 5824 1914 5708 2291 8990 6600 9679 2026 6354 8221 3467 7018 5526 7427 6403 1661 2621 9921 5377 7182 3974 4361
