3 8890 8397 995
2 8670 7376
2 2384 1190
3 7468 4476 1439
2 7013 2445
2 1135 7458
2 8773 7678
3 7227 5891 8308
3 2418 9569 7937
2 3654 4818
3 8227 3246 3491
2 9121 6610
2 7716 9910
2 6252 2736
2 719 2591
2 2176 8000
2 4679 1855
2 6321 3207
2 563 8563
2 1178 5982
2 3647 5067
2 3321 7809
2 7109 7948
2 3578 1817
2 3696 7110
2 6031 2573
2 9550 4796
2 6403 4887
2 2015 3202
2 6039 7206
2 4829 5903
2 5991 8047
2 7913 2660
2 1105 5480
2 8758 8088
2 311 3539
2 9913 5091
2 7325 4325
2 8878 1880
3 9459 4390 2007
2 9449 4027
2 5649 2053
2 8184 6544
2 3358 820
2 8965 6517
2 8578 476
2 1563 9954
4 7862 8306 6285 1956
2 3708 6527
2 8967 218
3 549 1192 8994
2 1776 9927
3 2735 4948 306
4 4644 6377 7391 6600
2 7575 6753
3 3580 6912 1339
3 3090 768 2718
3 7957 2297 9287
3 1209 3608 5071
3 1560 666 1159
3 9313 5983 2669
3 5934 3147 4471
6 3055 7929 7804 9049 3809 8156
4 6466 203 9921 641
4 5018 4435 8711 3560
3 4058 7108 5226
5 4758 1269 1399 4023 7909
4 1273 474 1803 1000
4 8292 1040 1874 7581
4 4309 5717 6745 5441
4 1867 6381 1778 7433
6 2519 9563 1194 4011 6521 8433
5 5970 7657 8950 5332 6686
5 6822 4078 8102 364 8330
4 5324 6541 9864 6190
6 2465 1992 5245 9483 6441 5950
4 187 2695 2944 8071
4 6663 7952 1973 2887
3 4525 7270 2528
4 7070 7561 499 8824
5 6689 6670 3693 873 978
5 3629 2247 6724 7346 4941
5 4839 9256 3760 1452 7600
5 1757 6412 3030 368 8727
4 88 9504 6644 6889
4 8477 7119 7355 7632
5 3607 48 8520 4467 492
5 423 7936 3936 5821 3313
4 3371 4214 7347 773
5 9847 8731 622 6879 8596
4 2061 6228 3291 9377
5 303 5868 568 7779 4646
6 8175 2009 9675 6913 1208 1344
5 606 1138 8204 3381 4557
5 9752 4494 734 4352 2758
5 3549 3442 5343 3362 8730
5 4071 5693 8189 9925 7482
6 9679 4150 6607 4411 9750 1022
6 9619 2883 9084 7088 9252 9803
3 5335 2581 5573
5 5235 2316 1005 2212 3341
8 7965 2432 2917 1978 7891 8192 3111 5883
6 1097 6901 268 3655 1002 2939
7 5440 6277 1515 4687 8290 9349 4483
6 2720 713 2869 5222 7444 7773
6 519 7401 2008 3008 4717 7025
5 3167 4842 6965 9251 4793
6 9409 6198 9581 789 4520 5059
7 9003 5445 8640 957 6794 3614 2486
7 3817 9976 7956 6160 9920 7464 3288
5 3307 375 8564 9985 8303
7 9514 2571 117 3253 2774 4048 1555
7 672 5192 1315 8342 9090 5562 5968
8 1066 1335 5300 8962 29 4475 7379 2288
8 6002 700 5086 9216 2327 1228 3193 9723
10 6263 4094 7475 3855 297 7711 8792 1381 3028 7519
7 7499 6916 3555 5161 6150 5371 9359
6 8708 6831 4788 6694 4836 1067
8 4742 6815 7429 445 4379 9463 7284 9520
9 5497 1900 2920 5299 1664 8509 4877 1206 9824
9 9707 2135 1543 6961 8395 7911 3311 1319 2709
6 8329 3471 6424 7020 2717 872
9 4601 2949 7399 3281 8029 1421 4070 4337 1015
9 1305 7928 8310 3988 7799 9979 3257 1529 2430
6 8703 2986 6633 1866 8073 1376
9 7861 3156 5860 273 8840 6662 1113 1146 4301
9 677 7005 84 9325 9901 9649 3104 7684 1140
10 4059 9305 920 2941 7229 726 4084 8968 7713 913
11 4008 6783 837 4637 5341 3692 7198 5721 9044 229 4181
8 9140 9283 4066 9402 6208 9763 6665 8048
10 9888 6695 4894 489 3333 6884 5295 7613 2038 2620
7 6807 1888 5381 8086 3758 233 5513
7 7040 1833 8420 1492 3990 9579 8253
9 3444 4090 3743 3168 8158 5307 9186 9451 8722
7 4618 24 1735 2589 6740 2751 1626
11 3869 2356 8518 9393 2559 585 7318 9935 6735 1023 5478
12 7463 4377 6706 769 4307 961 5598 6269 817 8458 5553 3870
11 4855 5769 5885 6649 7064 5237 5954 4006 4052 8278 3286
7 222 2912 4586 7114 1860 1959 2346
9 5424 2576 8728 8179 1512 7196 7122 4492 8762
8 372 3103 1993 6044 5491 6200 8719 1284
7 541 4495 8271 3540 4255 3729 9693
9 9523 3025 610 2324 4511 9744 1246 1706 9489
10 9799 4143 7141 61 7709 2166 3739 2412 3507 2693
10 3149 1528 9291 5402 864 3334 9249 3388 9600 4332
8 55 7640 9187 1724 8459 1363 4065 4469
11 6115 157 741 4098 477 7210 3833 4588 389 5325 8907
9 4346 5406 3239 8587 8024 7314 4528 3330 6960
9 5716 7877 5902 3245 7329 211 2866 5597 807
8 580 1794 7993 1323 9636 23 5296 6520
9 8406 583 9670 3527 2523 2112 9346 2463 5618
7 2020 5304 6418 5615 2742 4629 1844
7 3457 219 1414 1024 9385 9019 9914
7 6456 9020 3049 4693 457 4838 835
10 1353 3564 113 1838 7864 6155 3557 3230 7844 1713
7 8559 9411 6529 3640 8892 8546 4138
7 8675 1815 1447 3138 6327 1143 2951
7 6952 1879 8302 7585 8254 6744 9515
7 9207 2429 7849 5858 6239 908 6463
7 2278 8787 8557 6752 2074 7453 89
8 2507 4984 8848 9845 7075 4361 5705 1594
7 4882 2828 1384 902 2026 2981 7972
9 9626 8698 567 9046 9495 854 3225 8913 1131
9 3667 696 8739 4635 9735 3086 4580 594 5471
8 6361 2296 3651 7319 9289 6515 446 7239
7 6900 5971 1651 2642 2649 6238 437
8 2313 7455 9347 9503 8348 1785 3926 6018
7 6767 3697 3005 4648 1970 2541 2448
9 2531 3410 3409 5517 9804 310 9048 4898 4005
9 554 6654 3826 4387 318 1922 8139 129 1285
9 9698 6843 6135 9996 2495 6647 6591 7264 9999
8 4056 8489 2123 7224 7373 8788 1087 6518
8 6780 8213 6502 2538 8566 9613 8111 923
8 4536 6404 6877 209 7152 4329 3903 3277
9 1332 7687 5743 3849 7768 4830 1061 5272 2308
9 5881 8149 1406 8426 8902 6076 8553 722 4193
8 394 7810 1013 1697 9109 8605 8430 6
8 9820 1609 3236 8447 7097 7147 2502 0
8 7293 2233 7553 493 4450 4317 6226 879
7 7186 1773 8586 4863 2825 7990 3755
7 6656 5218 9452 7546 6430 379 9868
8 1883 3918 1090 9011 7662 9418 8726 1562
9 7188 6189 4208 2426 1177 8035 5444 2376 2851
8 1227 658 7320 8020 4507 1186 8245 180
8 5027 9166 7889 2788 332 5377 5914 8402
9 7140 7156 9052 513 6245 5732 1027 5334 6019
9 3546 1170 3596 6004 6409 6825 5780 9642 3337
9 9733 3249 4583 3384 212 5711 8571 6384 3620
7 6139 3276 8055 1524 6293 39 3709
8 7028 699 400 6645 7534 7506 8235 8119
7 8783 1407 7230 3865 6536 2171 4420
8 7435 5227 5358 1734 6053 4405 7383 1545
9 4873 5387 6849 1142 3396 8173 3824 4700 3298
7 6485 8932 2079 9267 935 5382 7061
8 19 3197 2714 5500 8448 3566 3751 7760
8 2603 1637 1784 315 5887 4493 494 6583
7 190 2942 6851 3017 3325 636 5969
8 8630 3294 1605 5034 3354 3430 1676 943
8 9405 2738 9852 8104 2056 9737 1695 5578
9 5727 3579 4537 6669 3512 6762 174 1356 2269
8 7612 1438 2838 1251 7446 9702 3530 3088
8 2424 7398 9128 8021 5017 5158 3694 7362
7 8736 2512 2915 1326 415 384 5886
9 7287 7180 8774 874 4482 5679 2099 8572 251
7 9406 2436 965 977 3778 3986 6090
7 4781 7512 6410 2896 4709 1037 766
8 8484 5808 8699 5049 2132 6222 6548 7015
7 8262 4260 2928 6547 3433 2343 5979
8 5213 2536 1852 3368 856 5169 7113 9360
7 3575 7846 481 2031 3116 6319 3827
7 7129 2748 6756 4228 6480 4559 4736
8 3148 6658 8715 4624 5920 5621 5919 9530
8 1372 3208 3029 3092 6567 881 2359 4868
8 739 4428 5654 5540 1102 2654 4523 7621
8 2641 627 7677 1564 4953 1459 3767 7522
8 8425 6123 8376 5698 3779 9071 454 5975
7 9473 6110 2147 1755 7535 2191 9740
7 5572 8370 3066 1685 8028 9436 4417
7 8209 8435 1625 7102 6340 8895 2177
8 1630 6558 8277 9869 1835 5557 5593 7655
8 6199 4706 2230 8224 7579 3315 6197 5985
7 4885 9851 7927 1252 9138 1433 8422
7 5875 8323 2782 3398 388 5317 4949
7 5359 6304 6125 7337 9381 2977 2265
8 2006 9191 4080 4666 5437 230 6129 1114
9 6329 2899 5710 3773 47 1430 5864 3161 240
9 5948 5990 9246 442 9464 507 137 6855 6143
9 109 7704 7082 9556 4107 6173 6333 613 1998
8 2357 271 9255 2690 657 7778 3145 3367
10 4414 8449 9412 3603 4940 4636 8244 5742 1327 5561
8 4546 1689 1267 7867 6244 9897 8599 5254
8 9137 8978 7557 9135 6247 3685 1736 1546
8 7471 4455 7248 6563 313 7680 8815 3861
9 1593 945 3976 8410 7934 7068 7176 1789 6834
8 9544 1100 435 9586 767 2760 8661 1018
8 6747 328 4164 533 8609 952 408 4321
9 4959 2791 3891 9030 3740 6274 8326 9372 3638
9 3951 4437 2422 9815 601 2706 249 3635 4604
9 5113 7104 6164 4815 2470 2954 285 6298 5281
9 6493 7357 6206 7000 8940 8493 1016 262 7432
9 7116 7451 2335 6473 5662 8996 2330 8793 3705
10 5393 6875 6420 7174 3669 576 3163 6988 9663 7042
11 6457 6924 9691 825 7380 1949 7679 1411 6801 9609 4936
11 1984 3160 5856 8207 6634 4913 8373 6904 6499 4275 2032
10 5744 4170 3910 6550 5344 584 1670 798 4811 1808
10 9974 3424 1995 2216 5124 984 5909 4810 8982 7182
11 5818 5487 2401 839 8995 35 4744 3389 9519 8606 3237
10 2106 2143 2511 1260 1111 7988 8038 5589 1289 1427
10 3196 9306 1588 5626 3232 643 3135 5498 3252 3536
10 1635 3176 2783 8464 1422 819 2237 3516 8946 2411
10 9685 4112 8440 5347 3940 7609 7483 8340 8809 1652
10 9768 7428 4848 3594 4205 8780 2777 7153 3324 8070
11 3170 2293 2566 4657 8298 799 4470 9848 4419 3887 6246
12 842 5112 4200 6765 4207 9179 7037 3278 9021 7218 9601 204
10 4223 5466 3947 6475 4704 97 8998 894 9509 2593
11 5510 6168 9627 4973 9199 5064 5140 6692 4022 6514 4778
10 5746 6741 2198 1777 6484 9754 3508 6509 7771 6348
11 8629 1674 2539 4088 8194 1721 7275 9732 7767 605 9993
10 3572 277 4807 7884 3227 4802 6995 264 4191 6365
11 9595 3067 3510 8614 6966 6597 8031 8679 6830 1478 562
11 3329 3601 9890 849 210 4068 81 5255 1216 2298 4929
10 9087 8548 5516 2338 9497 7924 9658 2678 1442 7368
11 2520 2957 730 9512 7816 4249 8958 6382 9541 5072 4908
12 166 6068 4196 565 6220 7811 2984 8857 9748 9258 18 9878
11 5060 3024 9282 8588 3453 3439 7971 7599 7815 6015 1682
11 2963 661 150 9105 7438 1947 2125 1416 1821 8251 1726
11 892 8203 4349 7277 141 8830 9232 7997 1021 1586 8594
10 6786 8274 933 4154 2966 5134 8200 1763 9986 8215
10 8713 2975 1010 497 6399 2075 350 8886 1322 5147
12 2784 9274 2455 482 6503 2857 4415 581 2582 8929 2491 9876
11 8979 3989 9874 3680 5830 4939 776 9966 7854 5348 7899
10 4184 6202 9042 1565 3829 2710 6581 2812 7146 2617
11 3459 5890 8832 5816 8188 867 5658 684 3312 9076 5176
10 6455 8786 8536 7994 2556 9229 4135 4438 6914 5669
10 7117 5189 3188 3445 9392 4819 6910 8632 5141 7753
10 1530 1869 3632 2382 5457 8099 742 3272 2806 1426
10 4194 4761 2881 3169 5782 3027 9865 7835 548 6241
10 9666 8328 4404 3502 1046 8819 9403 4373 9840 8490
11 2711 6951 326 3199 7342 6850 5910 600 5000 8230 6349
11 6159 8573 1240 6729 1553 5211 5556 8975 6495 1385 5020
11 3461 9469 5829 4141 1474 5635 693 7056 4500 5664 845
12 1489 4935 2118 5686 7193 105 2173 624 5350 2481 3265 2773
10 200 5541 1 6009 2368 6699 9055 7280 609 2858
12 9401 5006 5771 8653 2551 9836 5373 1286 1035 3890 8885 9339
10 4575 5425 267 6133 9478 3722 3178 3504 4412 2615
10 9965 1221 5054 6618 7940 4043 4727 6363 1118 7904
11 4233 4421 6942 6523 9364 2630 3689 1666 5828 3624 6060
11 608 8040 718 284 7387 6114 3828 2619 4465 6911 8046
11 7792 5369 3830 9353 7663 8667 688 9880 1882 6207 1744
11 1030 3068 6922 9065 4123 8620 7125 4950 9760 9301 5294
10 530 5282 8868 3537 9817 1431 3650 6622 1354 8934
10 4661 4630 1904 1365 7150 5008 5168 5997 5813 1009
10 7638 3991 428 4862 2680 2882 6560 9253 3703 1642
11 4910 7372 5955 4029 7191 5994 4121 3774 5570 8389 2337
11 9316 3317 4826 354 4366 4584 6416 155 9528 4823 4122
11 6804 7430 656 1346 871 9687 8935 7658 4763 7476 1574
11 1121 3426 3114 3475 5660 2645 9462 8473 486 1333 2450
11 8574 6192 7876 6575 5287 5394 2805 7720 1936 31 3134
10 9806 4875 7226 7019 5764 592 9686 5164 3633 6371
10 5748 1655 6474 7682 3731 3432 9862 71 6564 8581
11 9559 9631 9575 7668 5260 680 6297 2510 3733 9644 5179
11 9813 8309 498 5156 2754 3181 1842 3061 4774 4212 1088
11 206 1313 2167 951 7643 698 589 8881 4175 9184 9714
10 5089 3821 1518 2178 2527 9474 1513 687 3091 1751
11 7406 409 448 6580 2406 1561 5391 9533 6397 4015 1559
11 5636 8915 6413 6512 5426 189 4074 9047 2155 8999 4735
10 7648 1830 2000 6062 1709 9826 905 7703 2747 7784
11 5214 4502 4720 2982 633 2315 8481 7195 3552 6477 7601
11 2657 8157 4020 6078 5847 5021 7501 5639 9726 438 1064
12 4833 720 3050 1634 2937 8506 6680 940 9788 4530 8199 7731
11 4794 5507 9487 146 5724 7014 2561 5877 3515 8304 6124
11 2626 8784 7255 8110 2240 4433 5908 7330 4572 1849 5646
11 9320 1955 1843 2333 4854 4857 967 5851 1554 6217 5842
12 9602 9012 4299 9657 9457 5674 4772 6462 5171 558 5198 6158
10 6003 780 5650 3952 9160 7627 2923 6259 5762 8080
11 7631 1986 378 3393 9741 6104 2933 5763 1893 631 2353
12 2681 3129 4686 4003 4639 8820 4840 1316 1533 9257 9648 2755
11 245 2780 5712 3022 9062 8798 4698 4824 5346 3256 3702
11 6307 6255 1508 5815 4119 852 7788 3438 4925 6214 1663
11 9543 5285 7434 4024 578 2021 7510 2499 6543 8276 5531
12 8462 502 2036 7710 6089 6868 7926 4100 5898 6687 4751 1157
12 5996 248 2518 1628 1537 9833 524 7363 8153 2487 8948 5758
11 1218 2537 2686 5917 8851 3570 6540 884 8949 6935 2998
11 3403 6265 164 348 876 9659 1428 3805 4380 5404 6170
11 8198 7086 3783 511 7555 2192 8334 8297 9588 4991 4320
11 1804 9830 4938 4245 5238 5094 1132 6301 4051 1659 1633
11 697 5090 8747 2473 7762 320 5062 8828 3964 5812 8113
13 4109 5025 9382 1908 3220 5952 6674 4561 6282 620 5461 7836 1277
11 1054 199 3051 9100 5684 4625 7782 134 3020 8704 4599
12 3541 2973 9625 6141 5241 1051 7630 78 7200 6725 3741 9312
12 9078 8835 4673 9130 1977 6562 7610 8357 3297 3864 4844 5575
11 128 7666 1640 559 5809 2122 4992 2405 5326 1847 432
12 5554 4980 57 9341 9576 7316 1781 985 7497 1007 5776 4891
11 6450 9286 846 9949 2128 377 3292 6320 5505 5811 4127
13 7975 7637 3375 7494 4481 550 8339 5479 4573 7930 7059 9005 8874
11 7249 9640 4115 6537 2790 880 8237 2283 8061 6032 6322
10 8803 7686 708 6907 6769 7635 6225 5178 5895 9608
11 41 9485 9002 4645 5913 7490 6974 723 6894 1400 1367
11 3263 989 4705 5690 2115 7142 2142 2004 8702 488 4177
13 6296 4867 5120 6984 4615 1864 1660 7650 2768 588 4678 7744 5884
12 8382 3816 5668 8529 3345 5622 7516 1229 7050 258 8900 4865
11 8351 6069 5602 8167 5465 7267 9929 9883 2902 301 26
12 8346 3073 439 6402 3122 2893 5734 7520 784 8356 3848 1730
12 3786 5699 4202 6119 6526 76 4569 1538 7408 4998 148 5138
11 3490 3200 9524 6886 8909 6306 4235 1610 73 8201 2795
12 1276 3108 3966 4595 9180 5608 4358 2214 9903 2096 2300 1020
13 5535 6711 7085 3036 8259 7143 9624 686 3788 8568 8441 926 3185
12 9805 1223 4782 4656 6132 2407 194 5470 6256 7189 257 2134
12 3866 2440 9345 8937 4274 9379 2063 8845 3519 2454 8526 3517
12 5205 1200 9705 6903 4403 353 2612 8906 946 9756 6614 8319
12 7465 5777 8856 7690 7633 9273 9810 7536 9083 440 1615 9206
12 168 3544 3191 8615 6243 7872 3216 3296 9708 8923 3889 2002
11 7574 8816 2731 921 9639 9322 7528 5098 7450 3503 5376
13 4665 2904 2305 8085 1913 607 938 991 9548 2092 6099 9664 4691
12 1527 9297 98 4914 4326 5221 5532 538 9933 2070 8411 1056
11 3717 6021 9751 772 2121 5481 6116 5152 2876 7524 702
12 6836 69 1500 9819 5374 4496 928 8471 1071 4000 8891 1542
11 4153 9549 4409 6313 7078 7259 9456 6072 7053 4753 5412
11 3462 7580 640 6023 6066 8239 7296 1854 8394 6311 6616
12 9633 9757 982 1487 2702 4072 3323 9621 3548 2136 1623 6603
12 8434 8133 8554 7162 7344 3173 8431 5080 9245 2822 8202 3081
12 9944 2605 9654 4658 7665 6251 5794 5320 3320 4082 2698 2172
12 6360 290 9064 7364 2809 8182 7707 2524 7511 4952 836 3883
12 655 6012 8991 5433 5962 1831 6452 1034 9943 8971 831 3637
11 9926 6186 9681 5366 6630 9784 7672 4144 324 3957 8718
12 5757 3411 3915 6615 156 6582 3699 1772 6325 1481 579 6817
12 9045 4733 1627 9158 1768 7498 4730 9755 964 8341 6470 3836
12 2399 8823 4602 3338 9647 6566 9542 4012 2549 1462 1699 8364
12 975 5663 1797 1239 3867 6999 2670 9295 7623 4174 5961 5536
11 6718 7870 3615 3949 3117 21 9894 2749 7367 8986 948
12 6128 5888 9557 9068 382 3119 9397 8010 9398 7859 165 4241
12 3083 417 3840 2323 6946 3496 369 5738 8006 2251 7813 5653
11 4246 1723 9620 5495 4971 7659 1818 25 7688 4900 6291
12 9144 3605 4028 4957 3205 6041 2765 5502 7121 8240 6717 4286
12 4285 5892 2442 645 8665 8610 2546 9682 5330 3179 2815 4339
14 8338 3105 2497 830 9182 8785 8585 3211 6102 8549 8565 2592 9567 2363
12 7243 5756 330 6380 8761 2599 8284 8335 5365 3676 8666 8607
11 4225 950 2663 2480 4832 6678 9153 3810 9540 9058 1705
12 1233 95 6498 9645 4965 8534 7094 9899 1925 9599 1341 7789
12 7236 5957 3414 7479 5279 6681 3959 8904 3060 1144 1645 7410
12 1997 7737 5107 2916 4063 816 9026 5384 1094 2204 1579 3492
13 9628 802 6771 753 3802 8214 5380 9444 8218 1108 362 4779 3480
13 7602 9254 9634 8768 2852 6178 582 5340 5802 179 4261 4812 1293
12 8285 1503 5539 7386 7457 7392 5801 5747 2162 539 5248 2983
12 6058 1272 8445 5628 4503 6832 243 9798 2889 5223 9146 7878
12 9696 6710 2577 9738 5400 7614 7898 8822 6720 8107 8561 7733
13 4920 7554 506 9118 9458 3609 4539 3210 3844 5197 5683 7069 6828
13 6029 9680 1729 992 2602 6596 4768 5559 5980 4468 1280 8365 3012
12 3875 3921 7787 5291 8412 9238 6056 8077 2091 5850 6611 685
13 419 7874 5719 6357 161 9505 1875 2684 1119 5820 1077 4069 5230
12 615 3972 5428 8037 9156 3469 7090 1342 4436 8619 7295 143
13 135 9104 4410 6538 4786 2110 5610 1819 2451 3900 470 4808 8622
12 3602 5182 3583 1613 7558 1464 7101 4152 8914 5489 2326 6127
12 4064 3554 5012 1693 990 1979 9321 7352 4762 815 4931 2677
13 6338 9562 2934 8421 8652 5844 9607 4204 6880 8469 1935 9765 5825
14 1994 7572 7683 4250 2781 252 9151 2931 3031 8170 7242 9338 441 4542
13 2425 4016 8791 6985 1181 3735 1415 8064 2769 4238 8837 5533 1225
12 8521 3938 6000 376 4344 1891 3534 2285 5509 427 770 1213
12 8146 1873 3319 2119 3434 3759 4314 2433 2263 6501 1654 3611
12 9947 1550 5678 5409 4872 8505 2715 7340 9578 14 323 8641
