28 6975 9561 3171 7331 3417 8833 8526 9898 3647 8476 4647 7009 123 8189 6338 3853 9823 2484 1910 1216 3029 8729 2796 6784 7804 8770 2634 7264
29 1566 2182 8948 1779 4757 3164 5171 473 4694 4145 3508 9482 4032 832 92 2882 9214 8135 4780 2174 347 8456 6619 3727 7788 3663 1181 9841 3082
31 9475 3766 3060 5583 6778 1822 9200 5360 1250 2337 8642 6872 2373 8222 6948 2382 568 4414 7310 1598 2216 8626 9519 6290 3397 5232 5221 5285 3173 7568 1648
33 6428 1813 7006 2335 8346 5516 4976 2801 7910 1917 420 1032 6409 3548 1742 5869 4074 4410 1661 9796 1341 4819 6957 7563 9715 9377 9813 6761 9642 7553 5216 4594 9604
32 2717 7883 8339 188 9891 434 5436 7790 7359 901 1797 4520 7328 8330 2891 198 7682 5346 9411 8720 7103 5631 8380 5961 3358 9335 4105 7521 8682 8744 547 9914
32 8450 7609 1415 811 598 6231 5896 5478 851 1302 4083 3320 2260 9664 5292 9081 9381 5072 3662 9525 1073 4133 7495 725 4173 8622 2953 6577 5386 624 5002 7899
32 7849 2417 6190 9568 8027 9190 1575 970 9708 6866 194 2280 4243 4375 7056 1402 2893 6433 5956 7069 5827 7479 3089 7425 1019 3154 4075 8845 8218 7100 1875 3436
33 156 3873 2139 1595 3316 9219 4123 2101 653 2394 5053 7045 4334 8573 7267 1215 8426 5379 947 8982 8310 5651 2702 4663 1902 1078 8308 464 1714 2907 8941 2925 1445
34 5254 5777 3782 2874 4099 3259 3671 4309 3272 6815 9954 5568 5603 3055 9704 9311 1352 8901 4258 8996 3891 7064 8900 3178 5902 7687 469 442 7923 9579 8110 8402 8887 3399
33 45 701 7613 1691 4474 281 2323 6211 1996 7751 743 6277 3430 4533 6378 9769 1046 213 2581 5531 7591 9551 1743 748 4013 3572 9905 1877 4490 4695 2444 5418 7917
36 5832 395 2766 528 2263 6600 1380 3412 4221 1898 4185 6230 5403 7336 2426 6310 3686 1261 8140 9877 4815 9103 5816 2022 272 9926 2449 315 1811 6431 8485 2523 6673 5029 9018 2107
34 6430 4974 4182 6578 7894 736 8584 5867 1865 8500 4079 6606 1435 9862 1919 5259 9389 2546 5356 1606 9893 6611 8707 1803 2742 9333 3626 6066 7956 7094 5536 6513 7854 9837
34 6198 6603 2351 5973 1066 1756 9627 7621 4323 7878 4454 8791 9327 4782 636 7459 3246 7007 9736 3470 8534 1611 4453 1006 3790 608 9225 9331 5359 6141 6377 5618 7322 5280
35 1134 5262 8980 4944 7191 2965 6912 7607 7891 43 8469 7651 5911 6183 3453 7072 6471 7702 7924 7888 1376 2975 211 1164 1624 4859 9108 2729 5715 235 8596 2902 3422 7559 4087
34 820 3123 8267 551 288 4777 1442 610 7065 1194 3802 1098 8318 2474 1003 954 4602 1504 66 4776 4094 4305 7168 3600 1478 1357 351 1479 8302 1428 5054 1533 9643 9212
36 4467 6507 3384 4759 7380 477 9095 8910 220 3348 9762 4341 7374 878 4564 3721 4402 9300 7739 2982 6670 8497 2309 8269 148 5271 9265 4968 3002 5016 1978 4820 6932 4881 8096 7010
36 4611 2265 6488 6152 1407 9286 3291 6123 5058 2135 8423 7680 3242 5350 4383 3416 5578 8752 5426 6438 9276 3004 6039 3928 657 9102 6108 9972 3688 5629 6833 2275 7223 3157 7533 7820
37 2995 5014 750 766 3701 5815 2195 1961 791 3300 8462 9267 7869 7046 1754 6210 6646 8007 2342 6837 1413 381 2488 4924 4686 8825 8091 7182 4932 8243 6907 3045 6008 4058 7885 2810 6575
36 7678 7995 1577 5195 6864 4311 6765 9462 2391 883 243 4831 8577 9760 5412 5689 3368 8015 4226 9729 9830 9295 5399 4572 1058 650 9682 6254 942 692 5936 6751 7319 7362 5988 3810
38 3155 1753 8440 4122 2524 4632 6754 6379 8834 1340 8532 261 619 3545 689 2502 9179 799 9448 512 6048 4027 7218 3184 3728 8459 5111 8809 3861 699 4908 8810 516 2716 9991 9847 711 3767
39 2870 577 8404 3482 7397 5185 6756 6556 2992 941 4566 8418 1310 2183 7815 3315 911 6552 4423 3034 4669 3102 5880 649 4261 5750 3761 6019 8275 8202 5184 8962 3909 6447 2067 1327 9918 7260 6091
37 8044 1788 8590 6796 6402 5116 1390 6657 5201 5010 466 974 1290 5533 5488 2033 1166 9233 7656 96 8276 7437 4752 8643 9693 9028 6662 4208 9101 7520 8672 6490 6159 6271 4956 202 7234
37 2234 9861 8364 5245 9506 8624 2430 5860 4355 8937 4487 1354 565 5382 1899 6976 9309 2743 6510 3152 3400 2292 1645 6443 2362 4806 7669 4537 5676 9819 7647 8100 4297 2895 5953 7471 7368
39 8103 3387 5955 839 8227 2916 9408 6516 7650 8178 4137 2021 7931 7117 7816 6697 8558 7312 9694 1103 1517 5775 5594 6768 4541 2118 6526 9269 104 6080 9193 4907 4927 9633 6305 9452 5513 8879 1289
39 5482 3590 4634 3503 3579 8565 1152 6718 4867 7572 2096 117 4874 8004 5496 569 997 3127 9434 2576 831 5477 6968 1977 5205 8095 8868 5087 827 8557 5872 7490 8363 6916 6506 121 4866 3870 2681
39 6261 1048 3452 8386 9992 4909 4607 9940 555 8569 2232 4017 4264 4272 9919 6460 9545 9222 5122 7882 361 903 8139 2087 100 3569 260 7095 5250 6986 661 1454 1396 8061 2959 951 6157 4037 2388
38 9151 9371 2847 553 6819 8464 6032 3347 2106 4828 6221 6473 356 3608 9548 67 3507 9 8329 5577 4614 7221 2663 8684 8113 1702 4245 3749 7659 9849 2824 8542 2776 4890 4516 6663 7021 470
38 5266 3153 5233 1330 6482 6509 4386 8765 1994 238 3587 177 1477 8728 7950 4021 5803 1490 2984 7237 9673 7795 5487 1156 5495 244 7366 8735 8136 9318 2025 8763 7600 9347 5275 6542 8816 7414
37 3216 1711 8152 8026 8919 1700 2930 3122 8933 8798 174 3130 6256 83 8562 292 5411 4343 4943 7271 1887 64 7570 2453 9597 4508 8173 9603 2160 8084 6324 3988 3906 5685 9748 2217 9403
40 835 7576 816 9166 2442 5632 9735 676 5307 4307 2771 6971 9006 2009 9921 8889 2153 4428 9250 3065 4288 8148 6998 5627 4340 2886 3253 1850 3900 797 9026 7498 2434 818 79 2942 9723 4940 265 1397
41 8078 7324 4433 4773 928 2526 9397 7436 9302 91 2410 2680 1326 793 7243 9818 7830 916 3464 1135 2151 758 7836 505 6110 1955 6555 7211 3624 6679 3994 3066 8032 8803 9947 6798 2915 4437 4605 5208 8392
41 3353 7937 9688 3911 4115 7648 8906 8471 4942 2439 7393 1730 7629 7709 4833 5420 584 1920 5198 1223 8341 6439 604 5741 354 4143 6964 5179 3357 6923 29 3655 1718 5812 730 5276 3074 5021 6898 3386 1199
40 207 6021 7708 446 5997 8327 6000 1604 9540 320 3625 190 5084 2071 9562 1493 6145 5332 9043 382 1249 1488 3723 5573 1578 7285 3252 5754 4675 3200 9652 3224 4741 3946 4222 5678 2467 2668 98 4131
40 7674 4764 1359 330 7042 3951 8193 9937 979 7605 2774 2613 3500 7835 3794 8859 2355 1262 6174 5093 7363 6719 6106 4312 1231 3007 5778 9656 3509 4569 8772 2991 4746 20 2329 6415 852 2296 9982 647
41 9053 1408 1764 7395 9756 6168 422 9428 2775 7086 6267 6295 3544 2947 8122 5304 2656 1747 6701 3377 428 7615 5731 6802 9471 1845 1806 3916 6691 6126 3070 2784 7895 1786 1859 1705 9423 9161 9724 1298 6441
40 9601 9328 3181 6245 9131 8143 8234 684 6304 173 2313 4190 7105 7450 1724 4515 3147 3879 5854 559 2300 5479 9674 1613 759 8817 6525 3924 2210 6316 9004 149 2667 7970 8955 8225 2099 3334 3279 2436
41 7782 3256 7047 1387 7251 4802 9884 1758 5705 7149 7349 7598 1433 111 1680 5592 7935 4689 1128 8755 5839 9996 6365 5662 7626 4118 8571 9920 9532 3142 2366 2074 9950 7601 6325 8409 4762 2059 1522 4771 6246
40 8786 3877 405 552 9251 4917 780 1515 7865 4703 6112 9467 2542 7401 3078 7032 8335 4179 1102 7701 8124 2949 2466 9659 6760 1625 5139 3395 8059 5995 1129 7998 8965 9374 2170 4287 1629 869 5392 2980
41 3187 4071 8246 2795 68 4214 3560 4200 1217 1639 184 5296 6186 465 8794 3797 3553 5282 9365 600 4448 1453 9325 9595 8837 2910 4202 3263 9711 5099 317 6774 7440 4608 5813 6573 321 282 1212 1596 4329
45 9670 4189 1377 1062 9635 7752 2396 9772 4628 4393 6676 9753 4724 3167 6708 7305 5964 3982 1292 2014 4161 3983 2869 6432 4838 9021 9981 3378 7333 8 4285 6071 8430 8075 7905 1841 6943 7192 5870 9916 9152 5551 2528 411 1627
42 1826 3815 5130 548 3575 6493 7279 5005 7581 1612 2375 1342 3243 739 7097 2802 4732 8413 4293 8878 9008 3609 318 5026 8614 8336 5554 7964 1101 5623 3597 5518 6858 814 4961 616 8782 8918 9786 7153 7540 2507
42 2758 1386 2996 5557 8432 7329 8717 7976 3036 3275 1203 771 6215 3018 4785 833 5064 1589 8721 8722 4090 5027 4365 7779 1050 3512 5415 8230 3751 7821 8030 4283 4426 3424 3800 7508 41 8959 5621 5361 2623 2894
43 4891 660 9440 5241 910 4318 2140 4622 7845 5542 1229 1344 9790 5439 7597 7268 2867 6252 2184 8666 7532 1621 245 2549 5648 386 3293 3276 7732 5616 5929 7434 622 5649 2883 5560 9353 8068 617 5928 8514 6279 1154
44 3636 8995 3198 3505 7115 4067 1614 8936 9907 1441 9669 7870 888 2846 110 4684 1000 4720 2020 9187 9792 6026 1853 5652 6223 3287 756 8156 7963 6132 9965 9479 8635 9167 9620 2964 5402 5882 7930 3057 1079 8443 5178 592
44 5876 4935 7313 3425 687 5529 5476 9416 4442 3851 9229 6057 7240 8458 1676 9363 8089 1460 9072 4992 6213 1294 6772 4167 4146 4955 6396 3960 8804 9530 4301 3296 162 2575 4439 3838 7717 3948 9900 7741 4998 7424 224 6405
43 3709 42 9589 3128 6046 8130 4926 4716 2395 8381 3741 8264 1767 1007 313 3228 7000 8769 2080 7001 5909 7692 9421 669 7750 7676 248 4653 7634 5494 6081 7140 4029 8690 5819 1812 566 7968 9505 5789 8768 7996 8932
44 3448 5046 7566 5595 6669 3919 3373 4529 397 1674 7800 2136 1802 8042 7455 8877 4504 8815 2148 237 189 7623 7146 2632 4112 514 3319 5419 2290 8054 9566 483 5762 8405 6465 7734 3493 2498 7050 3668 1540 4775 6806 7417
45 2922 6197 8653 9117 2069 1014 3322 4560 6504 2212 6727 8726 380 266 597 257 4577 7531 7554 5497 9278 8191 6006 5727 8908 3641 1169 9776 2690 1565 5605 9009 201 7303 8014 5449 1277 5660 889 5527 796 6755 6947 3059 5987
45 1959 526 8546 8835 7439 563 6363 3855 8273 589 7327 7872 1174 5862 4174 5390 8153 6648 9855 8591 6388 1761 6044 5808 8942 7196 618 2047 1450 8973 3445 1992 3933 160 2588 8169 2454 3369 517 9572 6303 8574 2786 7194 8618
44 2038 5057 4581 5967 1285 6623 3746 9967 5868 167 7691 662 800 8840 6750 7875 3892 2120 2044 855 7005 4862 2540 1535 8529 2564 5013 8288 3718 8703 5871 6070 1699 151 4155 948 4407 7517 5787 8749 9645 6952 5644 5255
46 2584 4119 2711 4574 1143 3169 8890 1398 6313 1293 4639 964 4089 3882 4229 4638 1749 1799 9654 4147 5306 231 8338 2006 1713 2631 3869 3231 6938 8984 847 2871 579 9086 9176 5305 6478 1254 5380 843 8174 3024 5507 1946 1778 8799
46 2822 9435 1938 1312 457 665 1051 5298 4697 8651 899 6990 7777 9324 1549 4095 200 84 9871 2276 8512 8332 8149 8254 3389 958 4656 3890 8321 8429 5468 2696 3768 7530 2579 5085 4326 1538 1287 7542 5294 556 1027 4585 3570 519
44 5959 295 862 6347 256 1818 69 5855 9640 2239 5783 8204 3170 1689 3678 51 6989 4990 6954 8507 1585 4603 989 6696 1439 2658 7081 9587 17 3773 4886 7783 9638 3864 3712 6899 737 5196 8077 2008 2371 5779 3769 5823
47 2921 7653 9211 94 9136 4170 9236 3278 2599 2401 7715 5714 5742 7927 1121 6515 3850 7727 7345 2826 5290 2019 7321 58 1636 1416 7909 1886 3525 5640 5931 4670 935 7143 8102 4462 9550 25 1594 7770 439 1015 287 7903 8180 7341 6479
46 7277 4616 4922 7245 2000 5134 2252 9454 4248 408 792 6280 6817 7592 2207 5100 1849 2928 686 9809 8605 3923 3095 1892 9935 6453 418 2110 2379 324 8563 1884 7372 2773 8474 9536 5120 7972 2261 1874 5559 1209 1697 7178 3375 6906
46 5371 8709 8394 3361 7475 1909 8049 8977 1772 6464 7719 6167 4356 1485 8262 3481 3234 3494 258 1405 2842 2520 6757 5006 9455 4207 7737 5688 6045 7433 7129 1296 410 1107 7567 7967 7220 8788 6534 4270 4412 3758 1136 845 6625 8307
48 9106 6229 3968 5467 8543 6664 7244 1560 3696 5945 3267 5052 6437 9380 8322 848 2955 7390 4223 2370 9035 3705 3585 5135 3753 7172 4538 9409 5422 1652 9016 8098 5563 9834 7862 7665 2831 8252 6797 8522 1930 127 8792 5432 8619 6561 6055 5666
47 389 3516 9157 4057 4507 6155 5696 1465 158 9391 8634 1009 3513 141 6522 7304 3989 4130 7213 7560 4215 8038 3061 8762 2508 2034 9066 5242 4010 6678 6900 1180 5866 5264 284 3023 8929 7602 1576 5582 3959 3120 3404 1739 1665 8640 2451
45 6812 8551 5500 3592 8134 5462 6234 8872 2358 3049 9856 4377 6979 9660 8876 1360 718 4591 9983 3839 7809 2967 9024 4902 3129 7155 8757 6725 7350 6589 1510 9493 6852 7892 5180 5571 978 3649 6169 3993 2273 2431 5470 7534 3227
50 6440 6056 152 9194 1846 4662 5798 6871 7026 5117 6699 6027 1592 3326 9133 1836 1609 135 5508 4431 3298 8206 7949 2589 2657 1458 3180 7681 4240 5485 9070 6400 3714 776 2787 3413 8342 9205 2553 8393 6499 5575 8081 3457 7246 4643 5365 3554 6835 341
47 9392 3875 9488 9662 4338 5865 9304 1175 5151 2036 3318 1854 7467 9078 4044 219 1980 5781 943 2116 5828 5080 4546 1314 7557 6175 4883 112 2445 461 4706 5980 535 3000 7945 9206 4484 1086 1061 3687 4020 5795 9774 4461 2850 6865 7364
50 1179 3922 9858 8383 9791 4660 4937 9811 3331 8714 7151 5912 630 3090 2289 1081 5506 2629 9857 6773 5428 5219 9279 2551 4551 1726 3211 1114 7499 4106 226 5131 4860 4016 1356 2486 7041 3521 6909 5728 9082 4936 415 9894 7900 1727 8132 8631 7774 8311
48 1579 570 8183 5041 5966 8566 5895 9899 2201 5 9494 7526 3651 9393 9798 1306 1074 161 2040 3563 8939 5108 8482 580 1719 6462 9570 6492 7912 595 6249 5393 672 8340 921 1982 4463 8633 3352 9025 9934 2712 9586 3101 8784 3530 8805 4964
49 187 2600 8039 1425 9366 7183 6250 9559 5826 2147 9489 7361 3335 80 3821 468 5028 2055 5096 1023 1436 5438 9160 2413 6414 6904 8129 8370 8196 8041 5733 6734 5335 4731 3793 4536 9379 9514 732 4320 6717 9148 3796 7726 5774 6960 9109 6371 3232
50 5634 7148 773 3991 8952 3210 6459 3126 4227 2506 9537 9989 3281 6747 7111 5434 1317 7670 7536 8008 39 4696 249 1406 4011 115 700 4845 3574 2245 440 9162 9875 9432 3140 155 757 1570 6840 3084 8738 7595 9705 6012 7938 3008 5284 5674 6422 4659
50 2734 8858 8595 8121 1247 8166 2482 659 4050 9974 7728 1282 8958 5596 7675 841 2331 9317 5397 4497 8296 8350 1948 4583 4578 844 8787 683 1536 4051 7994 4814 6958 8496 1335 1432 5920 5437 1475 7714 9124 2885 2505 47 4827 7470 4540 3633 4821 5107
49 6570 6392 9054 5370 5492 7011 2228 1067 3405 5102 6580 5619 6036 9943 4672 3905 8874 5045 4201 521 6800 4612 1972 1280 5720 153 1706 1456 3535 2411 5272 9706 5463 5194 2676 4154 8748 8287 4012 4783 7019 8197 2054 6637 6184 953 6564 9071 2994
51 8598 5465 6257 2864 6770 3051 89 2755 5910 6278 9721 2154 1243 4472 1525 3777 2538 4241 8067 7108 6098 5200 4882 5450 522 1063 8990 4549 2312 7438 6965 5186 8259 8379 6314 6381 4233 2543 6342 5932 7897 2197 1470 2691 192 8895 1615 2291 3868 2719 4678
50 9191 4753 8579 1125 5149 416 5914 8120 3534 8237 2236 3332 682 1238 0 8256 3724 6572 893 2068 6287 6582 2780 1126 9414 9118 7276 2837 5971 1736 1392 5825 2270 2988 72 6270 7940 2641 1162 114 8323 5657 9582 641 2737 6435 5398 9163 8670 6627
52 8172 7633 9764 7918 5555 544 3099 2293 2353 4391 8266 35 5167 3858 1420 3711 550 6567 2931 4443 6999 2590 5417 2354 2645 1963 4213 6362 4434 2697 716 5340 9626 2344 761 454 4269 9195 542 6517 5776 6782 9170 7121 5805 3760 5491 9438 9188 2349 6804 8194
54 2368 1808 3611 7511 1060 3972 336 5881 7744 8613 2747 6844 9329 33 8328 9461 5878 4444 6037 59 9593 8159 6814 7941 7247 6601 9824 8279 3026 3684 8295 6146 2200 6494 4299 8291 2662 9512 9749 9062 3591 7055 6981 1375 1834 4984 9679 497 7089 7631 8548 6074 9969 2149
53 3883 666 7794 1271 5846 49 3987 3866 4710 2352 1236 6826 3297 3556 5315 9994 5425 615 1668 3277 2325 5289 8035 8390 805 6345 639 7171 270 1391 6518 9513 2929 6853 7373 3967 3017 3787 1514 9486 4265 7048 7342 4531 652 1237 5256 2537 788 7805 3188 8629 9895
53 9058 6042 138 7179 7984 3899 3856 6935 6910 5713 9520 7022 164 6359 9675 2039 290 5687 7037 4153 8857 3110 2998 133 4218 1701 3461 998 6539 3576 3837 5692 9929 6127 7398 5338 5620 5004 6903 8853 5300 6583 1347 4196 7164 6495 714 8317 8151 5877 578 419 7527
54 6599 586 7662 482 7175 5941 9202 5965 667 4046 9150 8701 7679 4076 7061 4358 5587 9149 7765 6711 594 2924 1329 76 3134 8352 6721 2817 9299 5214 2757 7514 4946 3046 4482 5708 5061 5469 5203 269 6636 349 7666 6076 7713 2311 4479 8658 2999 3030 7934 9873 4978 6207
52 5835 4904 9360 5613 6729 498 7458 2003 3620 2664 768 4858 9864 1562 3192 87 7330 1694 6893 9247 4316 1698 2390 5073 5330 9060 1830 965 3939 9560 7248 7217 5150 3737 9083 1729 1696 3032 9468 9503 9201 9953 6832 251 7106 5526 8228 6496 8387 3080 1508 4331
55 8725 3423 8407 8896 1734 5213 1192 3005 6983 7867 6869 7980 1373 7239 5433 8968 5176 4885 9737 4652 1837 1309 1045 4914 8813 9287 2404 4098 5230 3963 3672 4328 6714 3013 1240 180 4763 7582 853 2222 2102 2190 3977 4336 6 9667 9962 6783 65 5092 9358 2594 3829 6135 7492
55 2150 602 2648 596 493 90 8586 2169 2479 5082 8046 4495 930 7028 1944 7316 9949 6312 4792 4822 4774 5329 1034 5579 6192 680 643 9091 264 8601 6991 6306 1403 4103 3594 9998 6394 176 8048 7444 7827 4342 3498 6659 8203 7125 3940 1975 1263 3652 8776 836 6598 9558 5453
53 3016 9189 957 1038 7569 4996 2933 6687 1600 7769 873 1138 6616 9745 9939 9044 74 8477 2243 8677 3191 359 7443 2314 7712 3393 6208 1142 3674 733 5394 1225 3068 8921 8444 6604 1084 2605 8467 9472 8789 9661 7583 6713 9208 2514 8750 2487 491 119 6810 9556 3818
53 9738 78 2652 4349 7487 5334 2649 502 6889 8261 4144 7485 81 3479 8679 3420 3429 7513 8251 5059 8253 9979 4579 8231 6809 310 8883 8871 623 492 8599 8029 8087 2492 7357 7208 1252 6934 2455 9610 6281 1900 7523 3842 2211 9542 5548 2189 3645 6235 8167 7063 5921
54 3183 9014 1660 7606 8983 7402 5354 7724 9636 229 837 1969 1133 2609 5670 674 8793 670 1971 8466 5314 7863 5770 8855 4930 7288 8886 5581 1137 1054 5746 494 830 2181 1584 355 1619 3394 9578 4308 3673 2199 4319 2778 2618 8146 2749 4735 6823 7004 6830 7165 8395 2504
53 3491 4077 3288 626 9037 9951 8778 8052 7060 1558 4553 9955 6128 4550 3745 2233 5637 6690 3791 3194 5701 9029 7157 7884 1418 5833 57 5804 2527 8373 9169 1763 2660 9297 5636 97 9226 1605 3750 217 3699 6273 4510 2990 2844 6503 8555 3816 5231 8945 9544 3021 969
53 5604 9988 9446 9826 2785 2198 4769 1520 6284 1631 4126 2018 1160 8463 2194 3158 9178 6412 8215 7672 1389 907 2121 5691 9844 1029 337 5540 2278 407 4470 2070 4438 6967 9239 7067 9663 2002 3691 9859 6560 4039 3351 1449 9805 253 7478 1655 5375 3826 1653 511 3708
54 681 1574 2414 7781 2202 8971 1113 5794 2971 1964 3907 9625 338 6519 2129 6393 1127 5861 5843 4204 8245 4019 9051 609 2686 781 7298 1905 7102 4335 2951 4492 2407 6387 6058 772 342 4142 8674 8357 9605 4449 1857 1731 2927 651 1361 2088 3421 2807 2556 6133 447 9577
56 3039 327 9543 7545 7222 1339 7611 479 5349 9806 1241 3610 5671 1750 9235 311 4385 5301 6630 7462 2509 3402 8284 3835 5852 9303 5817 6291 8109 1530 3896 3458 3418 6403 6905 5672 7943 4359 5034 6333 7535 5078 5172 8449 3577 9637 9032 7332 3354 5633 5950 145 8062 7806 9354 4275
57 7138 9180 1109 1599 4447 5049 8934 8400 5153 7481 3410 931 504 1095 1412 4298 6752 8001 5170 4446 1671 3313 5192 7400 3364 564 3241 4749 1188 8378 2970 169 8175 4623 7673 588 9465 307 5572 763 1591 1201 3980 7339 3578 8940 9978 6011 5515 2751 3406 4237 5970 2781 3857 1099 7887
57 719 9049 2378 8085 4805 6931 2554 2604 3149 7230 7575 2746 4104 4278 606 5446 4734 8000 4889 1020 5071 8260 3606 6238 8691 6010 7388 6749 5075 3108 7167 6786 6924 3204 6649 7410 7141 9085 3788 488 4894 423 3133 614 2437 441 7618 4337 7386 2105 4600 1369 5698 5042 5240 1911 9154
57 1434 6781 7735 1831 1893 8927 128 5537 5031 9076 2841 9590 5499 3667 9184 1735 9186 5769 4864 3774 1011 1647 1395 2610 8821 2389 7860 673 6591 3786 3437 8578 2130 5199 9553 4534 7023 8056 6020 2127 5626 4528 5145 8408 9623 1633 5521 6251 1981 5907 1820 9164 8037 5635 1268 4625 8636
55 9141 7427 8184 7539 4166 5532 7120 130 6275 1776 2873 7203 489 675 9406 9172 4589 4194 230 6666 6138 4440 5297 8861 1244 7620 9672 1552 5299 1221 1828 7500 6315 8313 2972 9901 2898 4876 7819 7017 708 2987 1529 5337 859 4688 7738 9030 4798 9573 4556 6142 5561 9700 3116
57 3190 1572 6638 9038 6425 436 8286 3333 7253 3681 5585 678 3186 1055 3573 4621 2687 4465 5159 3304 2989 8602 1228 3515 3846 5834 3456 5874 6182 2560 5191 6220 6644 6078 4610 9046 7834 388 3973 7403 401 7137 5328 9171 1628 1527 6053 8045 856 2567 882 3345 181 7593 2879 4690 85
60 4172 9111 4398 1130 726 1712 5917 2 8547 4034 9268 3283 9773 4627 4722 513 5759 8649 2562 4432 1248 3105 8369 9502 8437 527 6018 259 2675 6484 2759 1308 7053 7200 9040 1161 5899 9487 7585 2726 3337 6987 6067 2461 1381 1153 9036 5225 6040 6631 7354 5344 990 1071 5372 4512 3580 3444 1993 582
56 8424 3511 1492 9850 2954 8781 9352 2614 1053 1025 7721 7842 2920 8365 8873 2499 9084 5510 3176 5490 2078 4818 5963 4284 8455 6025 3303 9466 4199 2671 5443 4424 2315 9355 6962 5389 2700 6307 46 2112 9341 2377 668 9948 8510 3998 8219 6059 6153 7856 4590 7997 6240 362 8465 2423
60 2635 5588 962 3233 5535 6214 4259 7014 7636 9224 3953 462 7147 5726 6966 7637 1547 5125 3871 3480 2161 7468 1427 7661 7522 7753 7188 5998 9964 9464 7290 9002 6156 9609 367 5943 6170 4164 5003 2133 5655 8947 4846 6349 6880 6825 1953 5363 1311 4721 4584 4381 9134 172 5734 5849 5257 6264 7775 4300
61 3117 934 2823 4830 9727 4797 3258 7421 4803 3867 3762 1267 7482 5797 3443 8410 7988 8488 6615 3341 6160 8025 4888 991 7195 2255 2946 2852 3926 6063 3382 3646 7586 1171 6380 6653 8667 1654 6288 4812 7999 9516 4606 1775 6144 6467 9631 5039 5599 2405 1728 4877 7683 3734 1010 6442 2481 4963 8964 7756 4361
60 7318 175 9282 1030 4701 6265 2005 9755 2384 3844 9484 4718 1740 8257 8050 185 9241 2158 8541 3675 5879 7291 5070 6707 7059 1618 8665 4599 7242 7346 8761 9547 2015 3067 7159 6334 8133 6343 7476 8300 9911 8312 8021 7686 3053 8126 9569 8836 9342 3237 2862 638 205 7789 5317 2532 3472 3529 8265 7326
60 8141 6423 7822 4671 352 3827 854 747 8733 291 4195 1907 1923 8991 456 7406 7296 3604 5105 8398 1679 6296 9067 2011 8347 4456 4430 2833 4180 729 914 1353 4421 8860 4125 335 9624 6758 1190 875 1901 4333 3012 3561 8065 6131 8706 6569 9766 9713 6920 731 3601 5729 8374 936 4235 7555 5486 8696
62 3440 8849 2636 688 3775 1040 4794 6635 4535 7707 1197 9816 9719 9165 6816 8201 1151 5396 1657 4348 8638 6652 373 7131 7876 715 8616 2066 3685 4713 6996 9923 5718 8780 254 7758 4727 2568 6512 247 5038 2723 4499 9521 6568 4102 3862 4558 8905 1297 4505 9886 2257 2938 9698 9064 7705 2814 8412 4635 9510 7796
62 9168 6845 5801 5944 5503 1807 5511 8003 7173 6410 294 1283 4096 4795 5916 5784 6419 5253 4799 9314 5704 4542 1643 648 2320 4344 9651 6352 8639 7792 5820 4128 4317 9252 938 5565 7206 8843 5628 5295 9480 7762 9801 4711 4253 5607 6370 2934 7987 632 6077 4369 7544 5569 4346 4352 637 1678 5897 1367 496 9307
63 4052 6891 2517 27 4392 1196 4751 2205 1275 9130 5181 9115 4677 6618 9356 9394 9183 9437 1725 5278 8974 7419 1233 6705 6191 7525 8106 3314 4295 5451 3893 8142 7948 475 3747 6698 1840 1673 1117 8034 3327 9928 8608 2974 2458 6608 1534 770 4121 963 2694 5017 4042 8708 573 6667 2881 8105 8771 7537 4962 5065 9697
61 6933 8097 2452 8961 8447 9584 1816 61 5247 5461 2048 8445 6876 7381 393 2838 3644 4478 8263 8687 1120 2595 8013 9173 3407 798 223 7257 7740 5761 3003 7035 5104 7757 4934 1783 3805 1789 1502 2246 9518 6140 9125 2073 9142 9210 2421 9608 4176 1878 8823 6366 8117 4682 5918 4793 390 6149 283 9192 9958
62 2603 8232 9284 2607 1364 5209 7358 26 9632 4151 6445 4152 3716 515 1042 3225 5079 3205 3427 9851 204 6535 7942 7767 4687 1182 7958 9116 9370 3136 6915 6945 3220 6418 9588 7763 5622 3740 887 1581 398 6827 6788 9088 7255 1703 7657 3613 4036 6489 2383 9523 6828 426 5586 1762 2031 1991 2809 4502 7688 6148
65 8033 2223 8220 8099 3075 5388 6683 3656 3640 2459 850 6407 1080 627 721 7116 4183 7538 6395 4524 4117 9310 3532 1118 2286 2735 4941 9526 5000 334 5441 6612 4919 3269 8384 3894 6398 8597 3897 1057 52 5810 6953 4475 4451 631 8524 1945 9840 5452 4848 9450 1686 4664 892 3014 2308 4274 4699 3474 7839 7654 9827 7652 6614
63 691 7584 993 1752 9498 9104 2418 5934 968 7985 3707 4784 919 4252 5244 385 7379 2679 1895 9231 9126 4292 1419 3670 872 2897 322 9833 2004 7104 863 2666 1409 6540 9598 9264 3567 2108 3085 2899 7879 9701 19 7325 913 1388 723 4000 4613 6661 9903 9524 1518 3547 6308 3197 3979 9444 574 503 6537 5638 6172
67 3831 1641 929 2583 2332 8740 5898 6928 9019 6150 9621 3898 7723 9549 6049 879 6551 3520 4205 7660 4193 6097 3229 2513 2100 3637 6813 3310 9618 986 8185 143 1873 6228 3096 6743 7556 7778 7546 9999 4557 325 1523 5799 2208 4770 5625 2180 6886 3294 7301 3542 9881 6248 8058 3943 7463 1881 8731 3962 8986 9388 8583 5930 7747 6730 2288
65 9413 4065 5524 7639 6720 2890 6640 9646 3694 1926 6563 4573 4181 3680 1198 7110 7896 3830 2027 9853 3715 2064 1207 3742 4945 3146 1915 140 5611 6187 3390 7962 2683 585 1866 7385 8221 8028 7829 4648 6617 7635 3433 7314 122 9234 6913 7454 4620 2619 2503 1112 2115 2962 3930 9285 9563 5864 8487 2516 3956 6680 6179 9255 7207
66 1999 654 4049 9718 1348 3630 8513 9732 4279 4 1597 1505 4983 3346 2298 745 975 1167 1253 4247 3865 3908 8511 5951 1889 1206 546 8956 1962 5249 3284 7114 210 6706 6545 1571 4033 6079 803 985 1732 4056 4595 5458 3738 9357 4445 8229 137 1372 372 8811 5408 6688 105 2478 6327 6203 4947 1464 2143 1211 9555 9431 3876 6787
67 9822 8946 601 6227 3860 8504 1556 5077 7922 6474 1049 2013 9629 1787 2468 4486 9315 5850 8022 4134 8349 4025 987 4363 4163 360 3986 9689 2178 4873 8801 4547 55 7118 406 918 1952 2032 5373 2283 1832 4109 8217 4596 8396 6739 6195 1426 5047 3097 2650 7451 5824 5190 6139 809 6022 8736 8846 860 7214 2904 9650 9015 2565 697 63
64 1785 4078 9155 8669 6897 7216 5324 5908 3302 4327 3518 3702 5724 7528 1677 8727 1770 499 36 3770 5146 4500 7135 5601 199 7355 1172 4667 1960 6735 2977 7112 4633 1914 5842 7558 4970 5505 9262 4404 8304 4604 5444 992 28 959 5576 8411 9789 1974 5101 9069 5996 7518 2571 480 6881 6821 5845 950 1345 3913 2791 4644
66 1717 7828 4107 7643 3765 5653 8297 6258 8745 4415 5456 3380 7430 4530 1178 9565 7227 7748 9338 2303 8483 3785 1226 9012 822 9092 9628 5162 3981 1829 3132 3054 2010 5114 982 3343 6977 6104 7273 2113 2521 3371 1291 7083 5362 4554 7 728 6109 8888 2347 6799 1869 6293 787 4411 1509 6838 4841 3092 8270 4897 2901 3808 6639 1177
69 8854 4466 4661 7760 4494 6980 8125 1805 6416 1976 4480 3612 779 5448 9777 221 8281 8913 4969 9892 8506 9808 4031 4110 7610 1526 3431 9332 8931 5766 1214 225 3819 2903 4918 895 8550 157 6565 7898 3639 5331 2333 2026 3539 2192 4778 1561 3189 7302 9402 8079 3469 2856 3447 1583 5342 1716 5391 1227 5747 1288 3958 6320 4345 9782 6088 7936 694
66 4768 3236 9246 3247 7574 8654 1704 2777 3618 5127 6925 3367 1462 1430 232 4948 5863 7441 5639 1777 5090 3340 5121 6225 8047 9952 9057 3273 3849 5600 5993 8255 1507 4276 5270 3657 6119 2593 8773 4493 4070 7040 4842 5986 6035 3217 2172 129 6477 1513 1328 8556 857 640 2269 7807 1798 5215 2544 8743 7965 3918 2267 1773 6301 9346
66 7833 3042 2563 2698 2297 1468 5889 3027 2693 4896 1745 1429 4009 443 949 343 6658 319 7960 9495 9781 6764 9203 3398 1256 3863 7939 4140 7873 71 9280 603 8509 5800 664 9232 4756 2821 9140 4406 4738 912 3615 1563 9944 8086 3965 6107 5888 7263 6801 8632 7287 459 1957 9759 2627 8981 8830 8916 7817 6626 6974 4097 2936 7502
70 2849 9888 671 5147 4303 476 9695 6785 3781 460 8053 6922 8549 6822 7185 8176 1414 4788 7369 1821 252 8700 5763 6268 2909 7407 3286 4101 1163 9750 8536 6224 9458 2682 2082 4371 4637 1894 5519 9617 1927 4693 3043 7365 1640 6689 9144 6777 1940 4206 8664 8071 5641 8010 9364 2978 983 4150 1279 8018 1939 3355 8272 7002 5712 4811 3901 2956 1185 6216
73 2772 4523 1587 4760 1204 4246 8315 3772 1021 9787 4650 3932 6382 2578 9139 2768 5313 5796 8970 4282 4116 6361 5302 8812 5757 9531 4736 734 1872 358 9575 7334 7282 5530 2416 6993 4511 4986 7043 3828 2845 3463 9122 6323 5539 5174 1632 9323 905 9758 6199 495 1159 4198 6196 8359 4242 1018 7486 8802 9878 7730 581 5809 7090 3451 5161 1891 8195 4254 9768 2480 6491
69 2440 2209 9742 5160 6557 3628 534 6879 9747 4068 3693 4717 1499 7986 5680 2126 2279 8417 8494 9571 4809 5512 2525 5975 6084 3565 7503 4519 1709 7432 8448 5913 3094 5782 2428 3568 920 9681 9050 3499 5040 3571 5464 3088 7027 4618 438 4899 1334 4225 3789 8344 7933 5316 4979 1447 8527 3239 1266 240 6052 3522 7008 5591 9100 2016 6017 5211 9600
73 7080 9159 445 8644 3704 7343 7448 5903 1751 487 350 9592 9817 4476 8766 5610 971 4673 9272 9395 6436 8274 4370 8040 9634 7847 7284 2050 5404 3020 6763 9068 3321 6908 9367 1494 6502 693 4723 5378 2219 5642 4740 4043 834 4787 8199 3255 549 1844 6937 4982 2240 9722 9306 5722 5286 8576 195 1815 7477 2510 7107 9045 448 7837 8353 1313 2249 7315 7886 2497 9138
72 3249 1472 2146 6982 2496 6497 2793 8073 2813 1860 7449 7699 6102 8820 304 5654 6985 6500 5435 6244 1368 7356 5312 7993 2843 4396 2132 4898 5749 5309 8967 7429 2900 5063 1085 3806 1838 5067 3495 2287 9564 2798 5248 3884 1213 7628 4742 9337 6571 4863 3935 4429 2356 1658 9680 2483 1546 4108 3510 8043 455 4702 8244 3583 8582 368 9094 3366 4256 8470 4875 75
73 6130 6950 9925 1817 7297 4236 1365 1531 4980 2858 9378 9120 8530 3557 4175 4030 2429 3114 8737 3203 1888 4880 6236 5074 1083 4929 5429 3743 6574 332 2948 7838 5905 8115 7509 1879 6716 7130 3477 99 1457 5978 9047 4800 2425 3325 1931 9266 6054 1087 8822 5421 9319 9114 8382 7169 543 821 7360 9399 4008 9112 7617 2448 4895 4518 1270 4268 9474 7270 4419 2494 2518
72 6340 13 2993 2830 5837 3496 8657 4994 417 3903 2042 5668 7543 3744 6421 4314 7488 8924 8564 9909 150 6874 1064 6331 3069 2646 8894 3262 1002 2887 5281 8337 4132 7150 8842 9217 305 8882 7013 9852 633 7236 2419 5957 9709 6083 1480 967 2515 6346 4668 767 242 1232 298 8852 4468 6335 2046 2104 5173 7281 1333 9535 2848 6266 6633 4714 3403 6173 9941 3595
75 2446 1666 4852 6956 474 9248 7787 1956 1924 3235 9042 5310 7442 4910 9263 8575 7668 8006 2868 5218 9107 8518 2601 409 871 6364 1986 6033 7082 6927 4582 8899 6178 2017 3812 4617 1452 1094 5786 2741 6841 6350 2226 4496 3820 9419 3824 2029 1471 2259 2665 5697 7550 364 1072 8428 4210 880 8742 8192 2491 8520 2214 6709 1543 8516 2828 166 3138 1473 5717 3062 4871 1793 2084
74 9581 4967 3562 5326 23 523 5984 8850 5345 9930 2570 6973 7232 309 2912 53 8754 3541 3151 5228 6218 530 9425 8182 2722 4306 9056 7091 7906 9780 9677 8611 7990 7589 9218 8925 1936 2811 7431 4332 8283 2714 2432 6302 5806 6050 4609 5123 1366 2460 9401 3566 6373 7193 8881 9369 712 4296 1669 9686 2638 7457 44 8695 9143 12 9765 7843 2380 2985 2530 2007 1868 5193
77 2586 4473 8299 9740 3929 5097 9336 2365 2557 2512 1410 1417 3811 3139 4005 15 7408 132 7412 1222 996 4315 8249 5822 9308 6163 790 2725 4435 8505 2643 5395 9228 709 6811 777 9261 1774 3889 9326 4148 6166 8168 6530 1469 9427 255 2806 7975 7510 2402 9429 9644 3999 562 4216 3115 3726 2089 3627 8101 3478 8112 6339 8306 2422 8935 5615 4384 9113 3226 5736 4586 7608 2157 8314 6014
77 7320 102 2098 6330 7205 846 8366 6857 5156 2876 4957 3295 4249 5148 3292 8681 2057 236 5925 6686 8920 9880 926 4953 5935 576 9889 8652 5440 7811 2122 6449 5347 9906 1650 8775 8334 9185 6544 9763 7099 9453 7725 8759 2206 2224 4525 5982 4704 9405 7079 9779 6695 6247 3792 2932 4022 5141 4781 3022 2545 7376 2065 4038 5764 77 1765 6654 6041 4954 937 8928 2969 3038 7422 7641 5738
80 6096 2851 8057 4801 1824 3025 1424 9460 3937 8080 7394 9699 1100 7020 5612 6073 6348 8108 62 2840 3917 3079 1784 2794 8828 4630 2477 9153 5133 2835 9500 4544 6354 1880 4002 7404 6082 412 6272 7588 9334 5220 8650 6846 8688 8999 2364 1495 302 1780 7578 9345 6232 1582 1116 8452 2958 6031 6383 2317 3676 8785 9508 2302 2360 7524 3208 7616 3936 4995 8165 103 24 4683 9615 126 2587 7134 2254 1851
80 7851 2805 2672 9890 7642 1191 698 9257 8870 271 1139 1675 3582 2141 2966 8250 5318 7016 3783 9803 9238 7347 1904 2574 9439 9415 3156 1532 9254 4938 8689 4064 8907 3131 1934 9490 5367 1642 2235 1885 6665 4471 1068 8732 2187 1383 9387 8226 8425 2321 8491 8271 1656 6682 246 7051 3809 7548 346 885 1989 5792 783 5445 5686 7505 4360 9557 8979 262 396 7951 1801 5489 6737 3540 9838 3555 2661 9860
80 5260 9351 9714 9872 7382 9538 7946 1768 6151 1205 429 1809 3396 5968 3845 7249 4817 740 1521 3091 7866 9936 7981 4004 3934 4527 323 5659 8617 4844 300 4565 5137 3795 6429 6143 8066 4160 9959 9552 2348 7853 5268 7378 4129 6376 8210 5081 5252 4654 4035 7225 591 742 8856 2361 3874 8521 1814 7658 7139 2109 2896 8606 8779 2976 2203 6867 4026 7731 3328 1550 4353 870 4767 5044 6511 8694 9784 722
80 5455 3160 8724 5673 9443 6671 8523 182 656 4481 276 4239 2469 7323 663 2037 4192 8954 9754 4313 6299 956 9795 6538 9990 437 7202 2511 5189 3362 5311 8214 1825 7983 7776 2685 5974 1483 5427 2165 1482 8489 48 7044 8713 2475 2387 4750 5187 1848 1 9647 5357 8233 9676 6528 1075 9746 5745 1251 6855 293 5358 2905 3910 8685 9065 3614 7604 509 2926 3311 1601 5844 3970 6269 8240 7718 2630 9741
82 6613 4114 9340 9594 2765 8207 6791 159 7496 7689 3385 3476 4436 8699 3391 1659 2218 813 9121 7944 760 6274 7840 8641 4413 1792 8944 5547 886 7352 6651 5291 3290 3635 4985 3730 6176 6253 376 3942 8348 6624 6134 4157 379 3814 5239 2945 884 241 2128 3261 4187 8138 829 6549 9105 1463 7904 3307 3990 4651 1318 8433 2884 2443 7453 3214 1626 5261 7810 2834 1967 9987 3840 1672 7474 6650 5410 2783 7162 7649
84 4960 3902 5645 2086 6154 4390 7015 8017 3519 3201 8438 8540 7367 2343 2339 9752 8711 703 1542 2591 1245 2745 4251 1707 7163 3654 8993 4641 1242 9376 8917 6914 7275 4988 2857 7706 8604 9739 1056 6129 8435 9207 5504 7058 5732 7033 8031 3599 6204 56 1906 1033 5385 2625 9611 3245 6193 7797 1284 4007 458 3593 1324 7224 2284 752 9539 8777 4367 3752 7991 7858 891 6068 8501 7861 371 824 4832 9404 7049 3517 2103 3143
85 8544 4141 558 7855 3665 3179 5475 4088 3501 5938 5112 9606 2756 9382 9033 8277 4587 5182 5901 6634 308 3854 2450 5772 8005 5969 8904 1883 4691 6188 9375 6171 38 532 1524 2705 2316 1544 6684 782 4748 6298 6450 2077 2125 5737 2462 4149 7212 1351 9671 8420 2684 424 6789 1733 165 2861 1343 7565 988 6733 2875 4485 7619 8818 3081 9277 894 6356 2709 6533 4580 677 9422 8891 3589 7174 5481 8216 655 4063 3071 7911 6202
89 333 2863 7256 3756 9031 6597 3833 5528 6294 1140 4458 6961 817 4455 1210 1239 171 2221 6566 4001 6099 1998 541 6978 2281 3215 8238 3487 1218 1104 452 1564 5279 8294 741 9497 2262 1459 3011 1467 6457 5962 866 7012 6072 3137 9716 635 775 2341 4522 6466 7813 2229 3408 6120 7961 2997 179 8795 8662 9271 3564 3658 1455 9259 7902 7252 7101 3996 5091 3848 4884 8533 8247 8712 1943 3274 4680 4552 8236 1638 3202 1350 9410 977 4184 4916 6090
90 9832 3660 5919 3363 3581 8545 994 612 7793 8903 2836 8356 3044 9785 1059 5940 4018 8663 7158 6622 8093 5353 5424 6286 2409 2247 3780 720 3887 2176 1692 4124 753 6862 7645 4266 2539 3834 6206 3415 9845 2973 5994 3446 1358 6742 8807 9312 9098 6861 4843 8758 3113 7181 1336 2839 5060 3031 4837 1043 3485 5891 8704 9541 1922 3538 2669 4403 8104 5234 8648 2177 1951 4905 4571 6745 2731 196 5937 4981 2911 3931 8585 4422 696 1001 9607 5273 9770 7456
89 9145 6885 1965 5552 5703 6543 8468 9213 2330 4807 8592 5545 7982 2244 1278 3350 2914 5251 9258 73 9825 7375 2608 4350 2908 3439 8581 5748 2961 5802 9442 1039 3813 8391 9815 881 7068 5694 529 403 5118 1044 7025 8371 4829 4779 6426 9390 8362 2704 6594 14 2695 904 6963 9653 8171 923 6527 4086 599 8208 7506 9386 4920 3689 8600 8127 4267 9977 3438 4366 5677 5985 5725 8559 8164 4619 8416 8024 3161 6404 3381 7841 5851 5991 4789 8009 9478
89 1141 8698 5383 286 8406 1035 2241 5886 8481 7384 1835 7084 3177 4629 6177 6794 8594 5348 5857 572 134 9975 6411 5401 7693 5821 5700 1089 8988 391 5514 9412 7824 5124 6585 3356 2878 924 3251 2944 7077 539 3801 2369 8422 7184 6075 3213 9712 5484 5056 4310 6724 755 5498 1710 500 3945 4405 1394 7716 6641 6834 7736 5710 4324 5319 898 7799 8902 1337 3729 4416 2398 9074 717 2866 4138 8880 3148 3607 2670 8092 4707 8819 6647 8753 6596 3504
89 6424 9215 9445 5336 7096 1437 8399 5740 4091 9797 7969 7351 6374 3764 7383 8884 7773 738 3703 216 2770 4394 4387 8911 5739 5168 1871 5355 4388 5856 9835 8862 2052 4028 2935 6849 5768 6367 8989 109 6486 3317 9010 861 1146 3271 3692 8796 4080 1173 5590 1537 3109 7823 2299 3056 2420 5927 8016 8457 8473 1755 5684 6116 1827 9691 11 8188 9181 7306 37 5158 4646 3859 7413 6532 6972 8376 3168 2268 1295 2041 8290 8589 7294 1551 277 3642 1651
88 6808 3145 1187 2191 9887 6001 9868 8434 5206 9227 3921 2305 9052 5207 6351 8693 4636 5229 163 1760 2137 9915 1165 3489 5760 7916 2624 8123 4958 4262 2028 4921 384 1069 8824 4376 7846 6024 865 4045 6892 5972 5202 7075 9666 4072 5546 6111 5790 9209 9469 101 6946 6353 744 8537 2602 807 6043 9199 7599 890 6805 206 8951 7391 6501 9301 2732 9291 3559 5665 2264 2812 2703 8987 1486 3653 5667 4674 9971 2306 3468 2561 4364 6121 9418 1363
93 7136 5954 7418 5062 7901 2091 8472 7720 9942 9361 34 6970 3659 8885 5534 2860 82 6444 1608 208 4302 2622 1593 6753 2334 5457 6919 22 7483 5369 2960 1307 6472 6385 5793 2547 2062 9793 9703 3975 4658 5442 3584 909 1847 178 3441 9800 8490 234 9283 3370 1876 999 5447 5643 9717 5098 7848 3754 1286 6839 3621 6285 6529 1332 4073 765 8998 2363 1497 6702 3163 6887 2063 4450 2095 1305 7791 9001 5593 8305 9293 2789 9580 4791 1484 2957 5050 3006 4539 3952 973
91 7426 746 8090 9960 4501 9288 4989 3878 2152 702 9522 1862 4217 3268 170 6283 2049 706 4567 3847 8865 7299 2637 8572 209 7541 5223 2470 6328 4562 4931 4158 2558 4489 3086 3603 2986 2647 8144 4212 2720 510 7989 3360 4382 7612 125 6836 2615 2739 917 5646 8190 1616 2740 263 6850 1013 4321 1195 801 9726 1823 9946 4159 6894 8212 4041 7250 4810 8923 4624 7480 808 8179 9020 7119 3015 1404 5549 9613 378 6397 340 5032 1928 1503 5204 4747 4188 5885
92 1769 7914 1466 3240 3076 9243 5608 9591 5721 3383 3643 2715 2472 9079 9612 2051 6995 3757 8966 795 6452 5682 2301 365 3619 8478 6738 2142 8680 8289 4679 7761 5175 4657 1444 2548 7596 4835 2877 8248 1147 5840 8963 7696 2617 1461 9707 4177 5695 4839 4113 1567 3799 955 299 4836 538 7210 5841 3822 1684 3976 8767 7504 2628 9132 1843 8163 520 296 2865 9602 2285 4255 5702 3713 4459 9788 1937 4517 2572 4532 2616 2123 7764 9866 7697 7978 8479 1106 8909 4347
93 4322 8372 1942 3551 5952 8415 6890 7695 6092 2736 1124 5598 8615 5574 4304 1093 6779 8375 2673 9599 3997 9622 4642 106 9240 6446 4325 925 9883 2552 8528 1349 3484 4127 4374 5661 1695 6581 1489 8686 4601 6137 3449 3700 9902 7844 7238 1664 4139 2888 4700 2692 8319 8158 9426 5236 9509 5043 326 6087 9294 6949 4972 2598 6095 5892 1663 1155 7452 8427 4409 7977 2282 9022 312 3588 1800 4271 5110 1115 7156 4913 8011 9828 9687 1150 966 6955 1559 8114 5269 6576 960
92 9321 4804 5030 1833 3265 3119 9820 8170 3471 191 7929 5129 9128 9966 6748 7742 5226 4655 4408 3755 3881 5744 3019 2642 3103 2238 5875 690 7278 3912 1555 6276 6344 6715 392 5906 7039 1723 1867 778 8145 6882 2465 1321 1091 9501 3807 8436 2800 5132 3514 6100 3344 6226 6607 1047 3971 3552 3596 3432 9156 370 8331 8869 5164 6468 4220 6194 6391 146 3206 8922 2336 6911 3706 3112 1281 6222 3196 5466 6921 1385 2345 7435 5960 8298 6842 4708 7655 2406 7722 7577
95 306 4469 8607 280 275 1896 5771 7871 9492 3339 1036 5669 16 273 9836 2752 375 629 289 5883 147 2782 9477 939 2744 5163 8645 4758 902 1620 4900 5012 8309 5238 70 5983 3035 3330 5083 5405 3174 3488 1176 4081 6508 1721 5015 628 1856 5767 4855 9290 4280 802 131 2889 6807 6884 414 9567 1741 8827 7262 6736 3666 9230 7685 1234 433 7085 1041 142 8531 1586 3947 2612 735 88 1580 2626 344 2094 8660 9244 4872 9463 5859 3072 7123 4923 946 1791 2155 5707 6051
95 2163 1573 9447 2803 3533 7030 9743 9470 9685 874 8949 1863 4186 1448 9761 6255 2024 3722 5368 3033 4069 8111 3528 6859 4452 484 2403 4055 7745 1431 9842 8213 5501 6590 8976 1319 5830 3798 3817 430 3502 7973 1498 6375 7493 7893 2372 6629 8051 4737 3650 6180 222 7889 6628 4645 6326 4570 5617 9017 9730 4879 774 3428 4464 3372 867 9775 4772 5753 1202 3165 4209 9063 932 6289 6086 3450 4061 8343 8241 486 1393 7677 4197 4973 3719 9731 4354 3106 4685 6732 6843 9204 6065
99 8453 2381 9692 5939 7704 4754 5197 6959 8851 8503 7864 2963 8950 60 421 2633 9980 3411 6242 8421 2569 5066 5188 5351 8454 7915 9583 8377 5406 1810 4457 9339 1693 5023 6185 3925 4281 9089 9728 6693 2825 116 6368 858 1870 339 8137 8675 3175 8621 278 9668 611 9483 8242 5541 297 6877 6124 812 2319 3222 705 8839 8800 2490 3244 4861 1026 6831 5089 6158 9013 1912 1183 828 826 4733 7052 1790 3527 8567 634 4615 7280 9912 6360 8060 5543 9767 5609 8187 9383 1399 518 6480 7187 819 7690
98 7132 1512 4066 5008 314 6888 8797 9459 2940 8829 9129 8841 4156 1795 4739 2519 9831 704 6007 9546 1322 8620 5177 3904 6854 8441 7142 9451 1132 5976 400 7664 7473 7925 5584 9127 4401 8832 5106 4906 228 1796 710 6878 5664 4294 4420 1170 557 4761 2251 214 1496 6930 6726 9683 8519 8702 8116 8866 4868 7133 2271 2045 7070 7959 8930 7749 2196 5143 6592 1481 9945 2597 3586 2294 6769 7754 2393 2533 1958 6660 6929 2779 6358 2385 9398 6029 1916 9829 8539 7066 2386 2134 9343 124 1635 4901
99 8561 1568 2550 625 8205 7235 8678 9075 6093 8431 6655 2399 7516 3735 9384 5258 6681 2085 4082 7974 5706 9504 1487 8831 7054 6994 9182 5274 3100 980 8627 5838 8912 1301 7190 6609 972 560 5480 9821 4892 5352 9372 1097 8826 9135 5894 7919 1145 8630 7199 7018 9196 8610 9757 3886 9734 2653 1858 7353 6712 7428 4498 4372 9985 1748 5923 8303 7226 1384 9245 2764 3526 2476 267 5088 5381 9348 3135 823 7644 2721 1947 8637 749 6181 8893 7261 467 7729 2119 6332 6498 825 6061 5473 233 1921 1766
104 8502 3104 4397 4878 6610 6200 4238 4169 7694 6117 540 2350 1325 1890 5423 7992 4250 3118 908 8368 2058 9223 8897 4273 2674 2728 1882 6550 2707 7703 6015 2083 3166 5035 2522 6586 1708 5699 8734 7785 1320 5890 8538 8938 3695 7663 2500 1553 2204 1667 9359 984 4230 2326 7564 8975 1918 4555 471 7292 583 1338 1903 8671 4826 9783 4853 9511 7507 2277 6118 1200 786 5364 4729 1110 6771 8160 4999 1108 4681 5946 7289 8515 6201 8994 7746 6013 4291 9041 9320 5650 2357 6762 1255 5948 7921 2213 9995 1954 5836 4014 5690 6413
109 724 4260 3209 8568 7494 328 4765 1491 4503 108 8875 3682 3763 4400 5999 3455 9096 9097 1276 2359 6710 590 6703 7201 2748 6902 9350 2266 9725 6793 4545 4003 8486 9270 8493 1269 9973 4857 2030 9720 413 4952 2076 1630 5024 2577 3771 6114 6337 5048 3028 2981 5752 713 9430 9876 2193 2979 5076 6384 6621 6009 4893 5493 5989 1623 8186 3852 3776 3549 7127 5602 1230 7780 7446 6700 5743 7913 5735 6642 8451 5709 5719 1997 2376 3219 4959 2559 8554 6408 1682 7396 2093 3717 806 2501 575 8484 7029 1022 8978 6189 2493 6969 4965 9802 3107 6588 2338
98 9696 3832 6668 3492 2090 4766 3460 450 3312 1590 5387 9956 9175 3954 9515 571 7180 6868 6554 9242 8957 8285 2644 3486 2738 2435 8154 1149 9854 6523 6847 5068 8628 9090 3825 54 7928 5811 1908 8552 394 4425 8278 1929 6060 4925 4813 1771 4851 3401 8560 4488 3677 5730 9119 4232 2727 6940 5614 1950 8119 3329 6792 7832 3638 5853 3466 8692 7825 3365 1949 8676 8719 506 6848 6355 8838 2340 113 9221 2427 3459 8535 8002 9517 4840 9023 8953 9003 6776 7772 561 2585 6390 1315 212 7215 4915
102 9814 3720 6319 9417 9913 1842 1186 5113 7638 7335 3914 896 1422 2186 5520 1016 5416 6292 8992 5693 1131 1794 3001 4015 3040 435 1411 8389 1759 1602 431 8593 7743 4062 5413 9368 3506 353 545 5791 642 3121 9655 6386 8345 6829 3199 8814 4743 2171 4598 533 4351 5606 9616 1122 981 1272 3927 5958 9011 1346 1224 536 7231 8495 4911 9473 6685 1757 3915 6004 5807 6259 7113 9649 3739 8157 5243 5155 1005 2072 4705 485 5009 7154 4666 4631 3710 2706 6311 6028 769 3349 451 2075 1607 8360 8683 8351 6164 531
100 2156 2713 4796 4060 554 915 8969 4808 3679 5115 9039 4824 9702 2767 2815 5308 593 4286 6322 215 4903 4093 8746 7464 9456 6427 9648 3803 8460 5570 2832 5183 3388 9274 2654 2799 8131 3546 21 9908 4290 2412 2124 4379 5847 9007 6941 6406 2534 5152 4368 7265 1070 2185 4676 9810 9630 5037 4059 3359 1973 4847 478 6336 7093 4357 6469 4513 9237 5893 7497 7920 7469 1687 9305 7465 5765 5981 8739 6317 3141 399 5538 3938 4228 621 9099 3041 4561 3308 8070 6722 7926 8774 4135 7399 5007 7908 3048 2952
106 804 1539 8730 8128 4568 810 1670 5237 5553 2769 8282 7295 3 1855 7177 4933 605 6016 7952 3731 6746 8012 2918 5580 2762 6309 4048 8235 6559 1028 9436 7038 2061 7024 6824 4997 4726 5597 4178 1158 1168 7771 301 644 1371 3124 331 7300 2724 3778 3759 7308 32 838 7491 6692 9344 2225 369 9794 8498 8972 4509 8414 762 3125 481 6939 9922 2592 5431 2580 864 9000 944 9275 7266 7092 1077 6420 5785 7501 5873 695 607 4593 9034 9253 3661 6818 6136 7152 6901 31 3207 9778 2441 4548 4592 9968 4526 6587 4418 537 2659 5517
105 7229 7337 9957 5756 7031 8710 7529 5942 5675 8625 3264 8083 1737 2168 5086 5949 1913 4887 6731 9678 5683 6643 8790 8239 2242 8673 3299 6547 7405 4640 1897 8723 4559 5119 9420 9771 5647 868 3392 6997 4136 3454 9249 2495 4092 6780 2790 8020 3974 5265 2056 9256 5716 8475 95 4477 815 86 6521 3073 2043 2485 9077 5154 507 4191 3419 6476 5773 6863 6505 9641 7826 6870 5283 5414 9684 4755 5788 1331 5558 7512 1017 5624 2250 6260 218 7711 5459 2819 9476 427 453 940 501 3083 7852 6524 7850 6038 9882 9330 7460 9932 4576
106 5325 6062 8177 8492 5564 1037 40 4006 7552 5566 2253 5460 1260 3266 785 6485 9147 2167 4730 2258 4975 6341 5157 6205 8741 3465 383 3185 4521 6675 3648 363 7062 8358 3336 8147 2808 3631 8892 1935 6115 2092 6728 7549 1744 3010 8864 922 2730 7953 2464 3888 2237 2060 5409 9400 1511 3047 3895 7733 7881 8480 8587 9534 6487 3162 9867 3248 3414 4987 348 5267 3052 7814 7269 9843 8508 1501 7818 7445 9433 3374 8088 6103 754 2328 1378 3098 1474 1316 6704 1634 4224 1105 4257 6094 2829 9349 2968 9296 2804 5681 1990 2611 8385 7272
101 377 7186 3632 4543 9441 1746 7979 6463 7698 5751 961 2145 432 3442 3009 5829 5400 2677 1076 5166 5022 4597 4231 1440 8718 4692 2322 5887 6162 9289 2415 6795 8150 5055 8224 9917 9839 7387 4728 6454 4100 1303 1144 6951 8094 877 5848 8915 6741 4120 3920 4277 4373 3978 449 183 8960 1088 3376 613 2792 3885 840 6759 1246 6775 7283 8403 7098 2023 7170 2827 3230 6536 7562 1966 6917 5589 8985 3426 1374 7868 9924 9865 9576 1119 9863 3779 5430 5471 1446 3664 2400 3218 3305 2456 8715 2582 9799 6632 5320
98 1925 6461 6992 3260 3698 3064 4219 7109 7416 4834 1715 6767 9963 2053 2346 3804 8609 1004 9485 2531 1258 8292 6744 1603 2274 1219 2892 3212 4289 2230 6069 203 8760 6318 6918 7766 2397 2923 5327 2818 3543 2463 3629 2761 3944 1968 7831 30 8355 6451 9197 6851 8764 645 4244 5884 8023 1941 3880 7684 8198 9846 8525 7646 6896 6984 4203 8064 5933 118 7594 1646 4912 5019 7461 1500 7197 6209 4790 8747 3111 2248 7411 5711 7166 4380 9904 9080 9869 120 5374 1184 2215 8268 4339 8898 7348 4171
94 4949 4951 2855 4870 144 3598 9804 5483 6620 906 6237 2144 3050 1588 7286 7087 4514 9407 8442 93 7489 8646 7392 8914 685 425 9658 2689 6329 472 1519 4665 9281 2943 4168 3379 3434 4823 7877 8661 8844 8446 7258 6873 6483 6147 5095 274 7515 3301 9507 2708 2111 2231 8461 3602 4085 7189 842 490 9896 4399 4023 463 3077 4725 154 6458 6645 7311 1274 9146 3823 8326 2374 2392 18 7228 7128 4993 7551 2718 9710 6988 9927 3289 3697 7801 3957 764 3285 6546 4977 5723
94 5136 227 7309 1148 6003 6936 7798 1024 7579 8751 1220 1985 3733 3238 5020 5224 2710 5323 402 250 6369 7768 2433 2541 9457 6300 8783 5502 1370 1259 620 8325 6357 7209 9812 2651 1557 1548 7076 6434 5018 1933 2859 345 1401 3941 3063 9931 6895 9424 7124 3961 7700 193 7630 7803 5755 8847 8155 444 2754 8107 7447 2272 5103 4649 524 5094 7971 9938 9574 8280 3309 1506 2162 9198 6579 1443 374 3841 197 6002 5926 4698 3467 1323 2620 3872 3159 6942 1235 4712 9481 1637
86 6595 1983 2012 7219 3306 9073 9273 3323 4084 1264 5144 9027 7259 2295 7176 8320 1804 5138 3669 107 2797 5556 9619 8517 6553 7078 5523 5235 7784 3144 9690 6856 7071 9087 7423 2913 5818 2699 9216 239 387 9158 6399 2424 7088 1052 8926 7126 3250 3605 2872 8867 7932 303 4865 2307 4389 285 7573 7710 1970 3475 8397 7241 2880 4234 7034 2816 1617 3338 6694 6926 7073 2566 4850 7074 1995 587 6161 6883 6217 5915 4111 7947 900 3748
84 5069 6475 3324 3172 7161 6790 952 8439 7144 8072 6766 8293 2138 9961 9585 5303 4395 9533 1541 3182 6562 3984 2917 8316 9499 7580 6740 7812 5900 7614 995 5384 7802 9110 9993 2188 6456 8659 2408 4825 3622 4417 1662 7859 6321 8223 1382 7307 5924 8200 7622 8401 5567 2447 8082 1265 5246 268 4786 4441 279 4330 2688 4939 4626 3270 8209 2438 2471 5922 2529 8388 316 4362 6602 6239 1685 5780 3985 7966 1738 1690 7907 2367
74 5472 3462 7890 9123 8074 1644 4165 7957 9874 6262 5126 1300 8756 9055 679 6389 2853 3195 9362 9554 2937 9220 8211 8603 5407 1193 7484 7409 9093 4047 5550 3490 3955 6085 567 2606 7344 9177 2939 6448 2324 6282 2256 3409 5287 8333 1781 7808 2173 6417 8367 2131 9316 4991 5288 1273 6023 9137 7786 8069 1979 5814 5992 7389 2655 50 5341 6541 10 7371 5227 1864 849 3531
62 8118 5128 2573 5263 2535 8162 3992 2701 4053 784 5522 3949 9665 6105 4950 1299 2310 8036 6944 9491 2001 8588 1304 7415 5222 6531 3280 9910 8943 3058 6672 6674 7370 2114 5947 7587 1819 9292 2327 3193 4162 3473 7003 7632 8997 8161 9897 7640 3964 5165 3966 7254 6047 9313 3221 1782 9879 897 1031 5217 5562 2678
57 5377 9933 8324 2640 3150 5658 7603 7667 6520 3836 3537 2536 3558 8076 4575 1839 1610 3784 9733 9260 1683 1688 1622 7122 2760 933 1988 3435 2220 3616 4378 5001 9596 5212 9528 646 2941 4719 5977 508 7624 9396 3282 7874 8612 1008 707 5656 2621 9639 9496 2117 9657 3483 186 6656 9527
50 9385 4966 3524 8063 3623 2555 8697 2166 6481 5210 1932 7880 794 8848 7755 789 5277 1545 1423 4856 4460 6820 1861 9529 5169 7340 1451 5758 2753 4054 2227 2164 2473 6875 3690 1649 7160 8301 8181 9373 1362 3087 4971 6101 4427 876 7857 8647 5033 3634
43 2304 9984 5333 7625 1123 1257 1681 5525 8553 9848 7317 7561 2179 2318 9885 6860 5142 1852 9976 1096 8623 8808 4869 7233 751 9174 1720 2596 3732 9807 9614 4854 6372 1157 136 9048 9744 7954 5025 5011 6723 5140 3995
38 3950 5109 1421 6113 6005 5051 6125 6212 5376 927 2983 5343 3683 3254 5293 8655 525 168 5509 7466 7377 976 1400 3550 6558 8705 2733 3843 1355 1528 3223 7057 9449 6455 6548 8716 2079 6593
29 6030 1554 9751 404 6677 5990 2950 9059 1012 4588 6584 2457 5474 4040 8258 5036 2639 9005 5630 3342 2081 8361 8806 1722 7274 1208 4849 9061 3257
24 4715 357 9322 7338 6470 3037 2788 7671 1082 5366 7472 5904 1092 8419 1379 8580 1090 3093 1438 6243 5544 7145 4816 6241
20 2906 7519 3536 4745 2489 2175 2919 4483 7955 6263 9970 6064 2750 6219 2035 4709 6122 8354 5339 7420
15 9986 4263 6233 8055 7036 8499 2763 4928 7627 727 9298 2159 4744 366 6089
10 9870 5322 1516 8656 5979 1476 7198 3523 3725 7204
8 1189 2097 4491 3969 6605 6165 1569 4563
8 8668 6803 1065 6401 1987 3617 3497 5663
4 3736 945 7293 4024
5 658 4211 5321 5858 139
5 7547 1984 8570 6514 8863
3 7571 6034 329
1 6297
0
0
0
0
0
0
0
0
0
0
0
0
0
0
0
0
0
0
0
0
0
0
0
0
0
0
0
0
0
0
0
0
0
0
0
0
0
0
0
0
0
0
0
0
0
0
0
0
0
0
0
0
0
0
0
0
0
0
0
0
0
0
0
0
0
0
0
0
0
0
0
0
0
0
0
0
0
0
0
0
0
0
0
0
0
0
0
0
0
0
0
0
0
0
0
0
0
0
0
0
0
0
0
0
0
0
0
0
0
0
0
0
0
0
0
0
0
0
0
0
0
0
0
0
0
0
0
0
0
0
0
0
0
0
0
0
0
0
0
0
0
0
0
0
0
0
0
0
0
0
0
0
0
0
0
0
0
0
0
0
0
0
0
0
0
0
0
0
0
0
0
0
0
