36 370 3729 4672 4326 3834 6761 3726 7775 7675 5244 6994 7660 3355 5123 8041 3187 8988 7745 9759 9667 1972 1159 2077 9454 3130 8957 6202 3453 5338 8054 4927 4610 5925 1468 1993 9522
37 7329 2650 7254 2090 4575 9798 8233 4276 8687 702 1537 9380 7893 1199 4596 755 1905 6478 4455 4413 7379 505 5679 585 3694 1368 2892 7333 9890 9300 4456 4890 6977 1500 2672 6801 1643
37 6896 6074 1634 6401 7692 3573 1158 300 9106 8626 9543 8867 9856 9461 8542 4248 8911 6081 1139 9611 937 2161 4692 4254 3828 3818 1967 180 8370 371 2720 9342 7655 8127 4473 9379 8806
36 1247 5071 4821 280 7543 2470 3727 6972 1775 1290 4181 4963 9719 4842 9546 8616 2035 4402 258 4986 5789 193 1944 4970 8488 9620 4216 5050 1357 9214 6184 244 2377 9712 1703 1790
37 3545 5961 9724 6789 4026 134 3366 4522 5132 4225 2443 3741 5091 3722 6022 1371 2845 6144 670 3176 1949 936 8096 5296 1198 1412 6922 4169 1664 356 5883 6708 31 4707 8583 6394 6750
36 8100 4162 2336 790 5598 1591 8900 4287 5754 1695 1404 706 1231 2649 9670 9338 4816 3377 9096 4403 5463 4668 138 7796 8193 9614 1101 9792 9852 9497 6199 7738 1860 4146 4511 5066
37 4733 4194 9987 9663 7203 1245 967 3041 880 8874 2854 8419 6450 3581 7991 5978 4094 2064 1553 4486 6891 1133 758 9585 3488 9998 9740 4620 1825 4267 3602 3403 5227 3788 5876 6065 697
37 9689 7725 9518 2128 7224 248 9064 6151 3021 1284 53 2788 9771 1873 2794 2411 9268 9517 7936 8130 4063 7108 3394 6846 4042 3956 8329 7460 8145 2822 7225 3124 4186 8051 9359 4352 6054
37 2048 8552 4229 6121 3203 4274 819 743 8901 5837 8943 3887 1809 9548 130 5223 7970 625 6162 284 5185 8408 9393 7458 2240 8611 8250 9472 8317 8032 1563 6827 897 8780 2526 147 7757
36 574 5502 7446 2404 1610 6371 8697 5455 1441 2585 8232 5480 4602 7291 7607 5994 9717 2688 4452 2206 9285 6297 2784 7236 873 7212 4921 8028 6916 141 91 5447 6213 6070 3251 4892
36 9199 1248 595 3778 6470 926 1916 7297 5333 3031 4577 6123 3002 9257 2058 1888 5616 424 9107 4051 9577 828 4704 7366 1943 7793 7879 976 3213 7649 4347 736 2942 8450 176 9870
38 5439 4370 9035 4851 8021 6035 6923 136 527 7679 5781 5280 2923 4393 9867 2556 41 2707 5728 7396 2659 3297 8779 9589 4891 4669 6208 2996 1326 9289 5272 1023 1773 2809 1639 8717 3886 4155
36 336 1533 8671 9435 4017 261 6143 7093 7844 945 3479 9674 1006 6743 5247 9448 7505 6914 8477 824 9299 2014 821 7199 267 9083 3616 1087 3436 8578 5999 6777 2180 307 7303 7435
38 7479 9855 5192 5467 2039 1521 1229 3533 2652 275 7266 5265 468 8983 2870 7158 6590 6858 8253 5945 4681 6355 4532 581 316 3 2981 9036 5600 683 5585 3647 8249 6067 6525 3525 544 7678
36 9835 4495 9386 7270 8107 6057 1583 206 1887 9165 8287 4858 8218 1396 4738 6240 992 7181 9716 3464 7185 4566 3082 1781 2912 354 1112 9400 9043 8965 2829 643 2525 795 829 6423
37 1523 1413 4479 5440 5798 9542 4381 1555 7000 7244 6117 4754 1612 2345 426 247 4457 4005 8276 8999 5407 9504 9111 3748 8962 2594 3254 1019 8078 588 1685 3426 2730 5216 7401 5729 4854
35 8363 8234 2405 2836 3164 4981 4198 6583 7130 740 3346 3599 7462 9550 2940 9050 8575 4154 6703 8914 2253 357 6200 5810 5078 348 3855 7127 4853 8863 3631 6278 8793 5194 2140
37 5207 3183 4376 2116 3812 8560 9887 7896 9768 4871 7873 4679 5944 8331 4213 9001 9690 4255 6675 5871 2978 199 9484 3132 9924 4966 847 5506 16 2315 5765 2252 4342 2517 6820 678 9685
37 975 534 9967 8925 3139 732 5426 2456 3857 9208 6263 9964 4076 6033 293 1606 3001 6514 8294 5153 3718 6620 4667 8201 9997 2998 6188 667 9973 2626 7933 7651 6259 3604 5493 342 3262
37 8521 9128 8254 3451 5445 4375 517 8978 4212 413 7355 4736 246 7223 9184 851 7099 398 8132 816 5630 6421 5644 4115 7346 2099 8049 4291 9102 2071 2297 6936 9537 1930 7163 525 8967
37 5003 2386 87 8624 8079 9407 2013 2824 9741 9032 4007 4118 9818 339 2042 7862 2535 4323 7947 826 3307 6950 8162 7308 2634 7906 9061 7133 4700 410 5370 3583 8952 548 5637 7109 5697
36 2492 3050 7411 6695 8366 4919 4442 7617 1422 8526 4514 335 4638 8803 361 3325 798 1478 7763 3540 7453 9599 2710 8569 9558 6073 2362 567 5069 997 4512 3375 9183 2033 185 5174
38 4476 7756 3452 9322 7952 6697 7784 4075 9059 4909 4360 167 5886 4931 4489 3275 1157 3475 1798 3284 4521 2178 5288 6245 1662 6281 3364 7178 7053 6756 3842 2281 3703 6138 4440 9055 8335 2555
37 8011 539 6379 3830 5835 9420 6813 4585 1125 9727 3714 5025 597 4880 4573 2841 2402 50 6900 2157 4253 8500 6333 8886 7592 2029 1354 5293 8101 7716 8456 5839 3152 9713 590 4956 2086
37 7499 4930 7669 8934 8429 4298 5300 1048 2969 1375 1148 3437 2774 9693 6244 1355 5231 3051 3645 5483 1632 895 2007 3720 7331 7687 1831 6515 3719 526 7013 4192 1784 6298 2030 6876 2568
37 9040 6492 7383 6485 5193 8817 2133 8423 6790 8383 6048 731 2081 2191 3098 7323 2761 593 5044 9631 1861 109 6540 3253 2284 8752 7388 6647 6749 4041 9141 3974 6776 9052 7632 2587 4468
37 7278 2499 2106 8767 96 8590 3794 916 5833 9808 7498 3522 1707 9123 4781 2771 44 720 8489 6094 3882 4775 1141 5068 7298 5851 3385 6898 1027 9066 2355 713 568 1654 7547 869 499
37 6436 5941 3815 2006 8388 1392 4398 8909 3012 6519 8617 5716 5499 8497 7378 7979 2022 4339 5772 6381 3264 6045 3634 981 3333 8627 4590 8498 3298 5046 9793 2798 2540 6759 6218 4382 6055
37 1345 2176 3261 9996 2175 8425 6233 3094 243 8171 2011 1211 2194 4883 7055 3744 4972 3407 5640 2803 7961 2561 6701 7931 5175 6337 4419 8146 7749 9008 5114 3335 4218 6611 5401 2285 6248
36 2578 3099 5186 696 1091 7319 9218 303 8106 7538 8271 5583 3065 9069 394 2340 1971 476 9173 4581 6251 7764 2709 8256 9646 5820 9108 6639 8487 3231 1177 3045 7018 5219 3527 7092
37 631 5650 470 2664 1631 9121 2717 8230 4637 4172 9968 4876 7624 4220 6009 4351 8669 353 9479 2916 6607 5409 9622 2984 979 9837 4516 842 8002 3611 2258 5733 3146 9428 2380 7478 7182
37 1360 7068 1629 7534 4928 6727 3838 4784 7409 9463 7146 3129 1482 9391 5615 5621 3311 6735 6046 5444 4713 8620 1269 3632 2310 2934 8742 7142 8226 793 6194 5959 3836 9429 3684 5295 401
38 1147 9223 2550 2947 9115 4242 583 7051 7481 5913 6897 5438 435 2625 5337 1000 6037 1729 3758 8550 4235 516 1479 6075 328 7156 1063 6471 99 9586 7528 4657 238 523 7277 6166 8688 2278
38 2636 1381 8507 8814 9704 8976 3121 2333 6228 7360 2155 2447 8452 8941 6804 7200 2985 7586 2132 745 6092 9910 9770 4877 3677 4913 5549 8273 4461 2306 9854 3702 4825 1463 4708 9073 1661 198
38 1886 1694 6158 787 1076 5609 4465 1 8573 6142 1738 2857 1193 5531 120 1516 6214 4515 636 4387 367 4905 1021 4594 3334 4202 7239 4828 2468 7855 209 6880 9084 3669 5658 8258 5009 3526
38 9274 421 1030 9698 6814 4656 7727 2741 1342 9002 6767 4629 5749 1741 9706 7539 7352 1940 7368 9493 3159 8003 8719 4771 5893 8159 8729 3246 8384 9594 9705 778 6168 5109 7977 2838 886 6134
37 1954 6719 2296 2911 7899 8386 747 8844 3821 9253 8043 7138 7677 6409 6320 2850 2024 7020 2604 4533 5847 393 1366 7070 6968 2019 6013 6571 5515 7700 5057 6646 7580 6557 7966 8339 7262
38 7766 8505 5155 651 2215 7780 4943 1953 5135 7477 5470 9281 575 6699 2272 8372 2089 2762 3117 6457 7024 741 9363 3638 3822 32 6976 8651 1287 6031 1487 3755 4895 4719 7739 3487 907 7456
36 3692 3787 6755 9502 8375 663 1183 3509 7210 9453 3064 6826 2766 7522 7963 6775 2 7014 5970 4016 8845 6641 3852 7110 9344 6974 3904 5064 1216 2372 7752 9864 7088 5570 9628 9019
36 9780 3248 6119 9829 9175 7154 3884 9005 3880 4631 116 5403 6003 9521 4761 7469 3469 6567 3353 4460 5617 314 9044 3754 2542 4660 8602 9526 508 2409 2557 179 9216 9120 7530 6556
37 630 4426 9681 996 5685 8075 1435 3490 8293 2199 358 1319 9888 5239 891 3442 4548 8460 3476 1017 854 347 764 3194 1425 1692 6739 9409 7116 7205 6164 2108 5902 5738 9330 2884 5793
37 7706 6264 852 7771 1461 3742 8266 7762 8830 977 299 108 3491 4635 2757 4641 6234 9246 1035 5933 8604 3835 4918 6595 8513 8670 377 6114 3134 166 881 6521 3926 8222 9153 9117 5033
37 155 2434 2516 2359 6398 4731 2760 8805 3028 8274 8409 6655 196 1668 894 504 5748 6841 9134 6293 8798 4689 3894 308 5305 1711 1129 5136 132 302 2390 2441 3076 5626 8646 8080 5475
36 710 5633 4130 7813 1105 6498 3276 5103 2773 9 9869 2718 2554 4209 610 9923 70 2314 2461 4987 9739 2096 8544 637 6806 2776 6237 9725 3963 4613 5629 8039 5936 4282 9025 8747
37 9213 4889 9615 9189 175 3019 3757 5799 635 5737 5960 12 6311 4785 4603 3850 8579 9935 2611 4301 8833 7405 4033 5414 2491 661 3649 8639 1536 8269 1745 5184 9726 7770 6467 4195 6111
38 940 1117 7694 5353 7066 1026 1411 3949 9051 8196 2308 6010 5156 8773 3875 7129 8012 3415 8993 5125 5428 962 4862 5365 7569 775 4547 6352 7928 3891 6566 408 431 9593 7195 6459 8588 3282
37 6373 5670 4372 5034 1823 6378 8077 6861 3594 9365 6316 5104 2082 1568 921 5726 3320 1013 4526 9170 2544 3688 1222 7542 4034 1171 7247 493 9337 1065 8229 7816 2712 8940 6369 858 4029
38 5472 9366 6847 9636 9071 6064 8936 4799 537 8802 5594 4505 5745 7943 4469 6080 7186 6993 2861 5992 1511 6187 580 7713 3396 5082 5918 6453 8008 9897 6324 6285 5655 800 1658 6860 9182 5641
38 7747 6893 1077 4831 760 6931 8720 8029 2638 3296 5284 8010 1165 7579 4782 4766 8394 2702 1743 8565 2727 654 7252 9914 721 4327 2249 1034 2489 4773 5946 8475 5473 8169 2222 1493 9441 7347
37 7973 933 7135 7830 2088 8403 9072 4951 3849 1031 8584 8362 8257 624 2242 8463 8721 6986 8499 4205 7967 2231 7613 2530 8906 9805 2752 9528 4795 9779 2749 6310 9873 3127 8769 4261 8299
37 4400 6167 1601 9607 2213 6295 4502 5684 2974 6102 5773 447 360 4332 5474 2790 1081 9041 5715 6411 259 6667 2435 5920 249 3898 8864 6648 1945 915 6334 6909 4098 1964 4788 2028 2265
38 7389 1227 4529 6704 227 8224 194 8529 8121 5968 4994 5736 3546 2958 1681 7269 982 1109 4170 3565 5203 4564 8956 3985 1705 1347 9345 7840 6784 8323 4805 8438 6988 473 7801 4474 2123 6509
37 8053 67 1635 7902 1541 906 9969 5000 2449 1447 4078 8431 4182 8647 6392 9374 7924 6060 5329 9201 774 9983 7338 6845 6811 9941 8059 3715 3379 5233 7847 8792 2291 8937 3474 4406 4121
37 640 5850 4622 9068 423 2686 2919 9135 2979 5026 3871 7732 8884 9494 2933 7611 3765 2683 1526 3034 7261 8340 4698 8512 9520 8896 170 6657 9279 7604 9321 9490 6465 7836 3560 3506 770
38 5497 6212 7846 4258 7765 1495 8674 9239 3562 6383 7197 3119 6545 6787 6181 4687 9097 2083 7374 7815 9777 2214 2906 9618 6099 4839 2678 8828 2676 6076 8215 7724 2394 9211 15 9538 6039 9266
37 85 6985 863 2198 6066 5442 1318 2891 9011 9519 7600 8696 5261 5344 4015 5681 5821 1228 7507 107 1731 6494 1421 2458 4070 8541 8270 1483 7031 1653 4758 609 1339 6273 6152 9018 1075
38 240 2431 1625 7954 1759 1114 6438 4820 8126 479 6731 3848 9582 1315 2165 1214 6058 9743 345 7009 4144 1022 2295 1918 3760 5977 7249 8259 3408 5803 6400 5310 6864 1166 5766 4694 1538 1897
37 3503 3025 3083 5840 6260 9957 2324 4509 8009 7574 4969 7606 1140 2241 4934 9845 5580 8726 6012 7 6454 7937 5326 4335 9403 4856 8479 8240 4855 576 7755 552 1374 9507 1311 2001 2957
38 7030 6109 5376 7953 6365 2715 101 4151 5696 6747 6077 7656 521 4755 9452 4742 7972 7909 3618 6090 9508 8511 3103 2708 3873 1337 6040 1615 912 7817 7751 3749 9650 4640 3145 5235 4524 767
38 1137 9288 8599 6569 4200 9381 9017 2280 3434 2417 7513 694 20 9373 4009 980 4262 9291 2185 1757 434 234 1834 484 6462 7576 8247 6113 600 47 7466 1180 2067 1811 6724 9557 8785 82
37 3701 3190 6071 232 5947 3060 9307 8787 3917 8532 6899 2073 8205 8710 6656 8135 7220 9600 6643 2225 6016 1883 1059 3710 8869 2813 8163 5106 1473 7672 5874 5388 233 1589 2260 1877 1919
38 9686 1455 4872 6186 9000 6261 3224 2576 993 6982 1810 3173 1567 9788 1304 3664 6720 2000 4059 436 2504 2127 5198 5496 3912 1621 725 3052 8297 4237 5230 7634 5636 6098 4433 8023 9139 1236
37 7258 2980 2421 9547 6390 418 2290 8681 6577 5591 7235 2580 563 3687 1960 269 2453 9803 9828 7529 545 7263 1042 681 9511 6025 3497 4915 1038 8283 4859 8360 9251 4911 8596 4836 6802
37 1249 89 5880 4661 3226 4271 7148 7974 4307 9033 7238 338 7926 5814 359 6582 5126 1418 2787 6210 1851 9450 8551 3382 368 3774 6286 5486 2982 8112 5648 5087 8261 2274 6586 8015 8663
37 5314 5148 5986 7715 6530 5443 6473 8102 524 422 1054 8435 8958 8564 4045 2338 1608 8061 210 189 4924 3023 9498 4611 8349 8829 1466 4900 7782 1474 6615 9237 3188 6882 6650 4210 6484
38 923 4299 5399 5826 1982 8324 2478 449 1073 7083 2690 7067 737 3386 8343 2412 9192 9094 3792 6051 9301 5741 7395 1876 1192 4645 4286 1626 5990 1948 7854 154 131 2228 8531 511 6431 9390
38 3243 8174 3440 5983 346 9269 3062 7100 7251 6294 7452 2277 5599 4539 3228 1279 727 8724 714 7121 7708 4176 3111 5919 8850 5451 888 8882 4203 9451 4083 812 253 4627 1044 5543 3332 7234
37 6644 9132 990 3210 2925 4196 3681 7779 960 5643 2477 2647 550 2074 9205 9204 5308 3908 4568 1676 3721 2173 8094 4167 7913 2685 5469 8840 2670 2164 4014 2632 1576 5614 8042 2896 9922
37 6796 7354 5429 6630 3556 8716 6883 4396 5256 861 2003 1156 4705 7011 1377 4996 5524 7710 8665 2343 98 1209 4666 458 9464 6548 3395 7886 3058 6969 312 6835 9070 8200 4289 8944 8959
39 6686 3339 9193 2811 6385 6108 1590 4135 3017 6406 3003 5157 4588 5739 4716 3895 6357 363 3163 5079 7213 4964 8972 9278 7581 9370 503 3653 7553 4126 1278 3924 7960 3589 8702 7096 8991 2951 9915
38 3869 9460 390 8536 3273 2880 8180 9200 427 2244 1393 4811 8374 8812 1829 4948 9174 6141 2639 1609 983 9022 4270 6998 7419 6587 4995 8084 4551 4752 6995 8794 5942 973 7921 5989 7427 6403
38 779 4087 7554 2070 8251 6865 1836 2111 128 6290 2586 6496 1620 8220 3214 9079 6277 9886 6230 6296 3547 3342 9095 8473 6364 8381 1828 7025 8161 9993 3006 5603 4721 5421 2747 6621 2484 7614
38 1460 4424 6163 78 3897 1372 5607 6830 6124 7078 6426 419 874 1907 6629 3578 8804 8955 7141 4770 7305 5973 8570 6766 1624 6183 55 9232 292 6135 2705 213 9926 1512 8027 1894 2770 481
38 8404 7165 3141 3404 467 6393 3435 5568 5346 3872 4980 1291 2532 9186 4906 1219 699 6375 3153 2904 5632 9194 7742 143 2725 5491 6254 7737 5335 5753 905 5950 5522 11 2367 892 4256 2840
37 6579 9099 1379 6751 565 9466 5189 3067 2987 1028 7583 2104 4899 6797 330 9900 8605 114 8733 7785 2955 9145 5330 4079 9879 8400 6610 2963 5698 5534 215 9617 3128 7418 2207 6793 5667
38 814 2895 8298 4362 5246 399 165 6093 376 4466 1281 5418 2847 1434 999 7668 7105 2849 4935 3161 5085 1572 8097 4268 2454 3201 8211 277 1070 2008 9625 9606 6689 957 970 5028 2261 9220
37 1546 572 4818 2307 1312 2150 4797 5352 311 3534 4714 5572 4175 1816 7597 7007 2084 9478 5538 3221 838 6817 5298 1818 959 8897 9248 6698 2509 1043 3959 7039 4226 8644 2518 6458 5022
38 9954 7431 8922 2750 5628 9203 4993 3585 6563 570 7046 8731 1934 366 8520 7523 3073 7509 1981 5321 8559 3232 2691 2433 489 9731 1203 3686 2131 9703 2271 7993 8545 8728 7786 3907 6464 4380
39 5065 7283 2476 6622 49 1399 3856 6597 6300 2197 7827 3196 9758 8133 4992 8176 63 9928 5757 3384 7010 3336 4985 9532 8530 9669 4103 2419 201 4273 1476 7172 8342 7828 1600 2779 5818 3467 2621
38 9978 1794 9004 3793 8288 7911 3797 2817 443 5620 1003 2964 6551 1515 9324 4179 3673 5357 1066 466 8832 2885 9799 2777 914 7164 9789 3069 4058 879 3417 6664 5665 4068 5801 4869 8426 6284
38 1010 4060 9155 9948 6402 1170 437 3131 2865 2416 7778 2959 4531 1574 4358 4823 6742 5807 8949 2970 7795 3743 6321 4227 4812 2643 8214 7391 5768 9167 5215 7149 1987 9563 2018 1975 2162 5224
