3 8890 8397 995
2 8670 7376
2 2384 1190
3 7468 4476 1439
2 7013 2445
2 1135 7458
2 8773 7678
3 7227 5891 8308
3 2418 9569 7937
2 3654 4818
3 8227 3246 3491
2 9121 6610
2 7716 9910
2 6252 1855
2 719 8563
2 2176 8000
2 4679 1817
2 6321 3207
2 563 6527
2 1178 9287
2 3647 5067
2 3321 7809
2 7109 1880
3 7948 6441 5950
2 3578 6544
2 3696 5903
2 6031 4796
2 9550 4027
2 6403 2053
5 2015 9483 3507 2693 7751
2 6039 7206
2 4829 4471
2 5991 8047
4 7913 2212 9489 1356
3 2736 9921 641
4 1105 3760 3536 5254
4 8758 8306 1452 7239
2 311 5441
3 9913 9925 2620
2 7325 4325
3 3202 8722 8762
4 8878 3936 9999 3252
3 9459 4390 2007
4 9449 4411 9750 1022
2 5649 1159
2 8184 6190
2 3358 820
2 8965 6517
2 8578 9377
4 1563 8303 7641 7878
4 7862 8192 3809 9520
2 3708 1000
2 8967 218
3 549 7779 1555
5 1776 8271 4084 5553 4301
14 2735 6952 5875 9965 1986 9654 559 7344 8239 7635 6256 1056 831 3637
3 4948 1208 7632
2 1192 8727
3 9927 6521 8433
3 4644 4070 9359
2 5480 6018
2 7575 6753
7 3580 9291 5359 3739 7075 4361 6499
18 3090 8086 4706 4233 3786 655 1580 8772 6538 7010 7513 1199 7392 243 5518 9861 3688 8147
4 768 8071 6665 8048
15 7957 4475 6110 608 1908 9524 4481 5622 285 7363 687 8565 9599 1341 452
2 6912 1339
11 1209 9207 6752 6536 4657 5124 137 6855 9519 1586 3158
14 1560 9187 2006 9282 3050 3220 6251 6907 776 4925 3297 3864 5812 1359
15 9313 5902 4537 8832 9830 3915 4245 5238 3211 5176 7556 3519 6015 9878 590
12 5934 610 6329 3947 6550 4940 7150 9754 8200 5000 8230 1744
3 3055 3381 180
3 2573 5821 3313
4 6466 203 3028 4181
6 5018 837 1206 23 229 8490
8 4058 1815 5948 8254 2825 5557 6548 2265
2 2297 2758
2 3608 5071
18 4758 3168 6558 7792 8346 7243 6000 9477 2217 843 2246 9444 8218 8108 6611 9615 926 1174
14 1273 3239 109 1869 1830 1797 4639 4584 6416 155 8215 8934 6576 8825
4 666 1067 2502 0
15 7929 9670 627 8328 6922 846 2473 7762 8097 928 8471 1554 4812 2822 4563
15 8292 4098 8699 5369 7666 8653 9819 5374 4496 3216 8297 8526 1225 5652 3012
8 4309 2278 2426 212 6340 3685 408 5742
15 1867 113 2357 5006 199 9625 6985 1181 6582 5532 8881 3810 1542 8837 5758
11 2519 2507 1734 2690 1111 4913 8815 6298 4419 251 1426
11 6381 4882 315 1267 448 6244 8038 9541 798 8982 7182
16 5970 1879 4414 1030 3490 1997 5650 5366 9639 9322 3256 5320 9739 5683 2936 9013
8 9563 2429 3208 6547 7380 5444 2615 8070
5 6822 4352 2288 9600 9048
11 5324 1724 5034 9030 2031 3169 799 3145 9848 7218 1642
2 6377 4557
11 2465 2009 7846 9869 5158 5169 2760 8661 3272 6514 4900
15 4078 5402 2838 530 7876 7690 376 5962 967 5094 813 6075 4998 148 1473
15 4435 8587 8376 4661 7086 6186 4024 3227 938 8906 2499 5223 2474 6717 8195
12 187 7711 8435 8207 210 9497 8780 4470 5639 8568 6348 7059
2 5983 766
4 3147 8968 3111 5883
12 1040 6794 2748 6765 951 7663 8667 1709 129 2619 1940 8581
8 7657 9020 2899 6245 3453 5437 3767 1998
8 6663 9626 8323 4863 1102 7535 2191 6143
3 4525 7270 8596
2 2718 8330
13 7070 219 7704 7638 6220 2982 5660 76 2805 7720 8900 6616 257
6 6689 3655 3430 318 1785 4321
3 3629 3362 3341
6 4839 9256 872 4052 8278 3286
2 7804 2939
7 6670 6044 2717 6515 7844 4580 8019
4 1757 8290 7284 2486
4 88 9504 6644 6889
16 474 6418 4546 4910 9286 5602 2999 3818 5782 194 8822 7023 7623 7518 706 7611
8 8477 3667 2523 825 3433 2343 5919 6834
11 3607 48 3384 3603 3740 6274 4559 4810 1763 9986 3633
5 423 7936 7613 4337 3388
8 1992 6662 7319 5920 6647 1027 9642 3337
8 3371 2589 9503 4629 3225 8913 1478 9885
15 9847 1794 9246 2455 1276 4020 2060 3205 7498 7627 3496 1400 73 4162 3791
5 2247 8029 6208 8719 4949
3 2061 9252 8730
16 303 7709 9137 9469 168 4285 3036 8259 1415 4772 6462 8549 2549 1435 2815 8572
13 8175 6361 5654 8440 4826 7994 2556 8620 6495 4122 2454 8080 6631
13 606 6269 7471 3188 5955 6729 7191 8099 6622 4727 134 1808 6152
11 6412 4877 5990 4815 3445 9180 4819 894 6382 2812 3887
4 9752 7891 1319 4483
11 8731 6900 1593 4080 4666 9100 6333 3163 6988 3733 1751
8 3549 2324 1689 3833 4493 5780 6384 2851
5 4071 789 7314 3729 1545
11 1138 2313 9544 3017 1685 6484 867 2237 3516 879 8430
2 8711 492
8 9679 2828 2742 9109 6238 1442 5705 4898
6 9619 6529 9495 854 2541 3288
11 2883 7064 2928 47 7934 494 8830 1670 2269 2298 4177
3 5335 2581 5573
11 3442 9090 8426 5425 6563 1474 5847 4698 5498 8929 8251
13 5235 6767 6747 5771 1843 2731 6089 7924 4235 5851 3515 702 432
16 5868 1228 3029 6804 4980 802 6498 8615 578 538 6452 9456 288 2136 4339 1722
4 7965 6150 1529 9360
17 1097 3333 4959 9316 5535 6128 1729 3583 5409 4872 8505 7707 2524 2342 5580 9765 5825
12 2917 3527 3951 150 5816 4854 7778 5635 6995 7997 784 3620
15 5440 2531 5113 1121 2973 417 4656 6132 2407 320 2561 7520 9903 4510 3014
13 5717 554 6493 4421 4404 3502 105 8237 7368 9621 5898 3957 6322
12 6277 5971 4437 730 35 8188 9478 3722 1789 7904 6477 6158
14 8950 8698 2791 3068 9382 5756 348 5008 7659 8107 1610 5776 756 2983
5 2720 1002 1844 2038 3638
11 519 3410 7585 4761 2382 6597 6904 5561 8975 6207 8319
7 3167 7849 6155 4830 310 3926 7522
3 9409 7444 4793
8 2432 8787 3334 2112 1922 4022 262 9203
3 1269 4717 9868
7 9003 9698 8447 8448 6825 8571 437
8 7952 2296 7116 4154 507 5382 8793 4417
14 5693 4056 6851 1010 9485 2686 2984 550 6301 7782 6935 9257 8622 9146
7 3817 2166 1625 4349 7579 3315 7015
12 6541 6780 7104 5017 4088 5344 8244 581 2582 2155 8999 6
14 6901 4536 9191 4630 3200 3966 141 3949 2122 4992 2405 5197 9608 685
5 7108 1381 1706 594 644
7 3307 1332 6239 6473 5662 388 5979
17 9976 6843 8449 8574 7465 4920 7554 3319 7882 3759 3429 7080 9929 1654 2759 360 4432
8 9514 7455 8892 6430 7534 7506 5334 6019
14 672 3245 9851 3317 5120 3783 6886 1864 2330 9658 7815 362 9883 5819
14 6198 5881 5393 9806 2518 7686 1346 7316 9270 1035 5164 7242 329 8838
13 2316 1447 8774 9559 9353 9135 2706 9160 4121 8704 5570 8389 2337
7 5445 3049 4255 9289 6591 5597 807
13 1066 1900 6457 5748 2338 6141 6062 8857 8153 4051 1108 5138 3850
2 1803 5226
15 375 394 7082 2118 4153 8747 7479 8761 382 5352 7189 4625 7127 1180 6817
13 2571 9820 945 4848 5686 2937 2406 6114 5072 1882 9966 7784 5653
12 2695 3697 6004 1218 856 6133 2977 3508 6509 6564 8304 9719
16 5192 477 1984 9813 6711 7085 9620 7448 3122 4074 9083 723 7071 2894 3911 9294
14 7561 7293 3849 5636 3199 9949 2128 377 3292 7330 9588 4991 4735 299
11 1315 1512 5500 482 8940 2954 7176 2777 1289 3324 3265
19 1515 9046 1852 5089 9805 9045 3875 3840 1863 4990 5400 7614 6681 8115 2462 8971 324 6795 391
12 6002 6654 271 6125 7337 3530 6910 8334 7854 4412 1385 392
15 6263 7186 6924 7406 3717 6903 9712 8493 2645 4569 3296 1623 4172 5889 9448
15 7499 1414 2915 206 7574 98 330 6380 369 816 1854 9231 3056 188 7393
5 1335 6656 6200 1246 1140
14 7401 8489 7451 7648 439 6575 5724 7014 8481 9862 7930 441 1663 1009
7 9675 4984 5517 7102 8173 7383 7621
15 5300 1883 5744 2539 5699 4938 1977 3867 4824 9533 3320 4082 8156 6112 4399
7 700 7188 7224 3512 313 97 8402
5 713 1227 5295 4588 835
12 9084 1492 8715 6202 8614 1365 7679 8819 3650 4373 2747 1652
6 8708 3257 1697 5732 2171 3709
7 4742 9649 7768 6409 7438 636 3827
4 6831 9985 1146 9515
9 7475 696 457 9702 8788 4492 613 4023 4865
12 7429 567 7357 5282 1777 8609 3624 7267 7153 588 31 7146
16 6815 7864 5698 4794 1223 1500 3615 772 8909 3752 6974 6362 1894 5749 2032 3043
8 7119 8458 6053 6420 6173 7555 4523 1018
7 3253 3540 4635 8410 5593 4420 3755
14 5497 5027 9974 2566 9575 3051 7387 2630 9474 3805 3889 6311 4069 5665
12 1005 8213 7677 435 5156 7342 4068 6692 9686 1216 3134 2300
13 4214 7810 8277 5541 1628 9130 6630 5394 8935 9865 609 5461 7601
3 4094 9349 7025
3 3693 9251 773
5 2920 7005 5954 4065 4138
15 622 3409 3160 5214 780 9314 7682 5279 9810 2768 2004 8619 4442 7688 9532
14 117 7140 5818 2657 5712 9002 1613 1660 1842 3828 7200 6725 1699 9398
12 9707 5615 5856 409 497 5830 7971 8031 8946 4573 1007 2411
5 8329 5858 5307 9249 3367
12 568 7198 1251 7631 4973 3468 9817 2710 7280 9528 4823 8331
7 4601 1113 874 4482 881 3751 4736
13 5086 1838 5487 8588 7226 9341 2075 5021 9403 1533 4763 2698 5931
12 5299 6502 8978 1221 2470 952 4249 8958 605 9253 2806 6993
14 2135 3546 2106 7372 3544 164 5690 2115 6769 6387 5801 5509 1847 3611
16 1305 1384 3196 4833 3866 4733 506 8167 4503 9741 2684 1119 5820 9567 579 750
9 8640 3311 1100 9890 7152 1459 5975 5230 2172
3 8102 3614 9723
11 4379 5218 3773 565 2754 9232 4939 693 7771 9076 7408
14 8703 9402 4455 1955 9640 4115 4645 5913 6104 1042 8473 6894 6845 7989
20 3855 8149 328 2626 5205 5757 9628 1994 483 9190 422 9156 3469 5380 7741 539 7478 2629 4972 7568
17 2949 9733 1635 9602 3073 9680 8989 5234 6013 4971 7259 836 1780 7157 1795 1204 3723
6 8310 9920 9636 4528 446 3870
18 7861 1323 3170 9320 4665 8338 5182 7172 8155 3338 9647 2052 2931 3031 815 652 8508 763
2 306 8994
14 677 6139 9685 3426 6413 9457 3940 4857 946 4100 3548 1077 7436 9849
13 5860 9166 9768 6003 4705 8298 2173 624 5350 7497 5762 2096 9770
12 6916 3918 513 5516 3680 7816 7501 684 8886 8998 5669 4614
17 4059 7028 842 6192 1527 8554 1460 986 2781 6279 8534 1525 5738 8006 5248 6249 1408
11 4494 6189 3176 428 3116 3181 7609 1416 1821 5604 1285
12 9325 8024 5710 533 3398 5952 189 5658 5589 9760 9301 7733
12 7956 7020 2422 7430 3022 657 1947 3278 9021 2481 7476 948
17 4150 9935 9691 9012 1200 3105 1873 4659 1453 6243 3454 744 43 3980 651 9787 5174
15 1543 8783 4223 8784 9705 4409 6313 2602 9659 6602 7703 5365 2070 8411 2363
15 4008 1407 5510 3821 69 5668 146 9505 4561 7757 7536 8201 7859 165 2509
17 9140 7435 5112 2681 6836 9549 9064 7364 5603 7830 7090 1342 3900 9653 5322 7241 3514
14 6783 5227 3891 720 6069 8856 8937 4274 6596 592 3774 9726 488 2376
13 9888 4873 9306 8040 2167 6402 3952 2680 5734 3091 8240 9184 6291
3 5245 4048 7909
7 9305 7114 9267 935 984 1016 9740
12 1978 3005 6304 3991 3594 5815 7643 4802 4438 4572 1849 5646
15 6807 6485 2230 9874 9757 9681 6512 7516 2599 7125 9047 5084 3676 8666 8607
12 7928 3249 7428 7446 3191 6078 8809 5556 9732 5828 7295 4320
8 3156 9463 6875 4228 6480 3824 5471 3042
18 6228 8932 5746 245 2904 4064 4558 1601 3789 8806 2270 9607 4204 9664 179 1144 5431 5977
17 7399 7687 8629 6307 3462 4225 9562 6771 5433 7941 5001 7142 2142 9578 14 7978 3771
15 3030 8557 2335 3129 2440 6984 4615 1768 6041 2765 9548 2092 4333 18 2196
15 7040 19 3572 3403 8816 2916 9576 8506 5373 9542 9943 3081 1919 1935 2529
15 3555 2603 9595 9543 5777 1723 6119 2119 8585 2192 686 8828 7511 8891 8718
16 3444 3276 3329 8462 3475 9557 9118 3345 6932 8182 2546 8936 3179 7744 8839 5224
14 4618 3651 1674 2780 3375 7494 5241 8798 7296 1316 9708 7450 3503 1633
6 273 3990 1363 5347 6222 7061
13 6695 2233 2293 1313 8133 8110 2240 4433 2021 2923 6259 9609 8923
16 8962 6404 3424 5996 9633 8991 982 1487 3393 4832 3173 2283 3472 8341 4996 6761
11 2869 8302 9412 9586 849 4636 5317 3389 7835 548 6060
15 6724 190 9087 502 5957 3414 7665 6066 698 8344 5908 9756 8623 4261 4700
9 3869 3236 965 1326 415 3986 8599 9509 9601
6 734 817 2147 8348 8111 7482
5 9393 6135 1959 2866 9914
14 7463 8630 3976 6255 2537 9345 8529 9062 3570 6540 884 1893 5505 6465
15 4855 7993 4200 8309 3411 3921 4658 2852 9652 880 7510 5802 4174 5961 5536
7 8518 3294 2642 5711 4329 8726 1562
15 9216 1170 2520 8198 3816 7683 5495 2653 6674 2037 1034 3438 6010 7233 8538
2 6745 1376
6 84 1609 209 9804 39 5968
15 4377 8158 5466 9631 8823 4602 607 5426 21 1918 5098 5330 2836 4252 3914
11 5769 4387 8370 5090 1755 643 9687 3027 8340 5141 7524
14 920 7156 166 5285 950 2663 2480 5211 26 2876 2858 8202 1579 2145
8 4637 7329 1142 2896 4709 6583 1559 9711
7 769 1637 5049 1186 1676 1695 5578
1 4887
13 4090 1406 4112 1804 267 633 2966 852 7528 71 2433 9714 2457
16 3988 9405 4170 248 9297 4782 7190 4595 7503 6999 2670 2003 7367 8468 143 6917
7 4307 658 4624 7097 8605 3903 3277
5 1833 726 2074 9019 3861
14 4842 5491 3865 1054 4003 7434 708 8820 9376 78 9211 8702 1462 6355
16 222 5727 5060 697 6360 640 1913 7847 6426 8843 1772 6325 4722 2251 6154 4401
16 6706 1784 6168 5507 7870 9743 5428 4119 8413 1819 1538 4385 4931 8633 6241 840
11 5885 7612 3067 5829 7884 4744 350 1286 4500 5348 7899
5 6961 1860 493 4838 4604
16 957 1773 2963 4109 8434 290 6356 5628 9151 1831 2370 6146 6072 9058 6005 9909
5 4894 3758 9845 9346 240
4 24 6740 7684 9803
12 29 3197 9556 9815 7193 9381 7940 4043 3178 3504 3703 1602
5 1664 5562 7122 2463 5618
7 297 3826 1524 7662 1061 3330 3705
3 2944 7464 7773
17 2356 3640 892 3541 9926 1503 5539 7386 7457 6566 4768 9755 964 2202 1878 6087 3275
16 8204 9347 6068 9078 2399 5888 266 9410 1160 2907 6678 8284 2510 4753 2697 8113
2 8088 2669
15 5424 2738 6786 4502 1233 4957 6648 2527 7078 3699 5080 8561 4231 1213 3679
11 2559 7889 3024 4720 9464 9897 7680 742 3312 2593 4127
13 268 4693 8548 7255 6474 354 4366 1051 9072 4936 8394 2998 1367
11 961 1605 8713 1260 1949 3669 576 9372 486 1333 3125
6 9283 6884 6669 9735 5914 7760
14 372 5387 2784 3830 3605 1627 5674 5465 4340 8339 2476 8061 6032 1092
12 1888 4208 7546 839 8995 9833 524 1682 5997 4774 6371 4600
15 2986 2424 661 6265 2305 8085 4403 353 2612 1979 1889 7747 7053 7563 4281
7 8520 4583 3368 601 9138 1433 4868
12 8342 1438 2143 7000 9179 9392 9229 5864 7767 2491 3702 9099
12 8840 5237 8274 4207 3537 871 1561 7599 2678 3964 4844 5575
1 2591
2 1874 4941
12 541 1024 6164 284 4029 6618 5134 1428 4191 631 5811 8893
3 1194 4520 5059
14 445 3596 8979 4673 57 9065 9273 3210 7630 3061 4152 2902 4691 322
7 3281 3579 3779 5621 1046 384 9530
8 9523 7320 6756 4107 4704 7988 1736 1546
6 9799 6735 7196 3230 5272 1427
12 2008 7398 4184 7557 1835 2857 2125 6397 4015 9840 1659 8744
5 8395 864 9744 6744 2951
4 476 6600 6520 1015
13 3149 8736 3459 2881 4141 4123 5910 1781 2285 5152 1481 2677 5434
4 1399 9049 7519 1131
10 4143 7287 7927 8803 8035 584 1411 6801 1021 6365
15 3471 9406 8203 5025 989 7737 6357 8665 2315 3534 6116 4678 5980 3431 5232
2 1778 3560
7 55 4781 9011 6293 7147 1087 6518
6 5341 5721 9579 6463 7264 3298
3 9864 5371 923
4 6115 8792 9044 2709
6 2912 1013 3396 6567 7113 5969
5 4687 7210 1177 8546 7972
14 2576 2538 6206 7249 4202 6523 9364 6056 4840 5326 7195 6214 323 8641
2 5332 2887
12 5598 2942 442 9487 6966 5457 8326 1322 940 9648 8949 1594
5 6913 7379 4006 5296 8606
13 4788 5808 6741 2783 5054 6580 5260 680 589 8356 1615 3741 2373
11 4346 8484 6410 6475 7174 81 5909 9055 6830 6614 6349
13 157 7180 1588 3066 7668 6526 5764 582 5479 5877 4380 5404 1327
1 7110
2 1973 4646
8 5161 3138 481 9613 6762 943 6080 5147
1 5982
5 4495 8459 1970 1143 5886
17 3103 5743 3601 128 7580 3554 5012 1281 7558 115 2729 9153 8469 5401 5257 5637 5616
7 6160 2026 3557 2412 389 4275 3954
12 9581 6849 3910 3632 378 4862 819 9880 5255 440 438 1064
7 1735 8262 5377 908 8553 8753 2308
14 6965 8020 6455 326 2036 4914 4326 5221 7650 5763 5346 9540 4286 2326
12 1866 5213 4164 4807 656 6247 6850 9462 8632 7050 5842 8959
8 6424 4511 8902 6076 4317 6226 6914 3492
15 2941 9052 2957 8157 6021 753 3802 8610 1431 8986 7192 620 1703 4220 176
17 5716 3575 2975 5554 975 6710 2442 992 7633 8023 9321 7352 4762 3844 5676 762 7133
7 580 1651 2649 2981 9418 8199 1118
5 585 2123 7373 7453 2448
2 499 2528
16 8406 7230 9274 7975 2605 4250 8768 9037 9645 7490 7672 4144 5840 427 770 8365
16 2020 2079 7117 6450 95 830 9182 8785 3434 9826 7094 9899 2162 2204 6792 4241
3 2660 4811 7600
15 7141 9452 9666 7637 3108 4028 2323 6946 4072 1814 3682 9471 7706 3571 2773
6 5381 9996 9385 1430 5679 3088
7 7799 902 3354 2056 9737 3694 2177
16 8728 2536 1530 8835 6012 7787 5291 8412 9238 2715 8010 4468 1280 5949 2819 4277
14 8179 7129 4194 4299 8868 5107 2368 5608 6306 4000 4952 2487 3959 6127
3 9979 3193 2430
7 3008 699 2495 6634 2654 8373 5985
5 7640 3148 211 3086 89
4 6607 8073 9763 9693
12 9901 8055 3092 4686 4205 4415 5062 6680 905 4175 4212 1088
13 7911 9852 3989 2216 7710 3439 6868 7926 5168 9788 4530 7069 144
7 3457 8739 332 4450 7990 722 4193
4 7346 2346 7813 1713
12 3743 8848 5890 8536 2333 921 230 1513 9748 1936 5198 7836
3 3539 8895 8253
17 6456 7553 2511 41 6718 2934 5503 9068 7697 5610 1747 8064 6972 6046 205 4364 2764
15 5406 2714 2711 3263 5663 2577 645 876 1464 2063 9245 470 4808 6994 2492
13 3025 7512 3461 1518 9657 6537 2790 6699 5470 6225 7658 1354 6470
2 364 6686
2 873 7581
14 7229 1372 6159 1640 511 6023 5994 6562 7610 8357 3552 5412 5463 7
9 7088 400 5540 7277 767 174 8119 1680 6934
8 489 739 2782 9071 8245 2099 7713 913
13 3692 5358 5189 9105 3114 7019 8851 2933 5664 1925 5178 5895 7410
4 6649 3104 233 5513
11 2774 4428 8224 1655 6503 9836 3135 5391 7753 6217 4005
18 8509 2641 1489 6296 4867 7602 9254 9634 7246 156 7488 561 4730 6431 8914 5489 1085 1923
12 583 6877 9627 718 9042 1565 3829 688 1666 1229 5533 6170
13 61 8425 277 6942 9512 2551 5809 6581 4950 6687 4751 8948 8106
7 5343 2436 9255 5626 3778 6319 8422
8 5304 6658 200 6645 9199 8028 9436 5281
6 6694 8104 1564 4405 379 7362
16 6633 6123 9401 8382 3083 2261 1693 4099 7143 9624 7788 7699 2795 9147 1486 6350
7 741 4648 5887 1252 7068 1037 1114
2 4011 1344
11 1528 2788 1995 2132 2178 7275 7483 8679 9663 6099 2818
13 5222 9473 4575 498 2000 5287 5064 5140 6560 9295 4599 8441 6011
13 1993 8586 2401 1240 5917 1553 6297 4012 6124 6543 8276 5531 1677
2 368 7433
8 4586 9128 7248 977 3232 454 3161 7432
4 8420 8566 2751 6960
4 1353 1421 1023 5478
3 5091 8139 9451
2 7355 8824
2 4467 4469
12 7877 4260 8573 8915 1634 7811 3731 3432 600 8845 3020 3848
12 4066 8021 6951 1904 1 6009 7037 3689 6363 3890 8885 5376
10 8564 2512 2198 3566 6399 6197 6129 264 5813 4054
6 7318 5572 4507 3325 8996 6090
12 8559 1090 8786 7867 8194 1721 2882 4135 6320 7056 5294 3698
5 8189 4836 9186 5325 1956
2 7347 9824
14 8675 8209 4196 4875 1508 6615 1537 9644 3323 5171 558 258 1645 5390
2 6879 978
2 3291 1626
10 3564 1630 3510 933 4953 249 3635 9258 4465 6911
2 9954 1284
17 2327 6199 4935 8351 4246 3938 5678 161 1239 4224 1875 7588 9919 7842 54 5010 1540
7 9411 4885 6327 8464 1422 2359 7655
