29 6975 9561 4701 450 5534 8765 81 7513 2950 7468 7291 9910 9855 1102 376 8550 5485 650 7064 7083 3282 9840 298 7714 1834 9001 7843 1851 2681
29 1566 9742 1424 3302 1560 952 4567 6703 7561 3678 3105 4818 6510 3685 2534 3463 7378 8757 905 875 8340 6642 3023 7857 7713 5466 4698 9918 9799
29 9475 3145 5008 34 6936 837 8991 8532 4185 6160 1872 1000 741 1962 5720 693 5026 5174 8082 5458 2641 2196 7204 7048 3450 1361 9003 8768 2994
29 6428 4049 1060 9470 9669 1448 1760 771 5772 5369 6800 1861 4873 6386 6892 9453 6653 6905 2173 2974 3365 8806 2443 808 7125 1975 6755 3403 5208
29 2717 7313 698 5794 5298 1025 5883 9565 9362 6277 7815 7071 5106 5118 3700 3853 3886 3820 6487 3638 3140 9245 6101 7520 787 6181 4793 7697 1864
29 8450 1415 551 702 4824 8074 1276 4597 7338 4577 9363 8008 1524 8661 8436 5114 9483 7438 3088 7283 4876 728 5190 1112 9034 1881 951 7533 7368
29 7849 9340 6720 7421 8324 5658 7842 9055 4745 5935 9260 9012 5791 5691 5265 48 5648 461 4812 9316 4554 9298 712 828 7551 4682 9463 9349 2678
29 156 750 523 6935 4046 5308 4553 1342 2027 4562 5023 4153 1988 3368 4862 9359 6530 756 2453 1426 3097 6194 9652 2434 2257 3710 5609 4254 6413
29 5254 601 8568 5462 5668 2085 7149 9546 5512 204 3078 2426 9187 6993 643 5752 9197 263 8420 9195 6349 3358 9631 5719 1728 1316 6029 2668 1793
29 45 2414 4989 1014 4607 7625 4887 7201 5556 2303 5189 7753 7958 2092 2165 4332 5730 4946 5773 3255 8397 9574 6517 6289 2962 5276 2119 2456 1627
29 5832 1938 5245 7331 2570 6995 2167 7988 3182 3887 7190 3286 5803 2977 2893 7271 8529 5081 5212 8138 7716 3206 9691 735 8058 3959 2306 5551 5707
29 701 8579 5041 6699 2506 7482 813 7467 6764 9531 5059 2474 8106 9158 947 6624 3939 2407 5186 2997 6529 5143 8010 3424 4020 4995 340 1106 9527
29 6430 8546 9166 3383 9385 3050 908 8831 106 8627 3313 5983 1172 9233 4420 7265 6607 9471 2521 4719 6023 7920 1110 5571 651 3717 467 966 6301
29 4182 7613 612 5031 5855 6211 3346 3297 6874 974 8655 4374 4266 2859 8864 9390 9098 1495 7975 7573 8048 7254 1481 8084 4360 860 2915 1001 8009
29 6198 4661 6931 8400 1175 2201 8992 513 190 4264 5119 2763 3310 1144 5135 8882 6223 222 2128 7624 8735 786 3521 3995 6832 6532 2273 6561 3531
29 1134 4574 8366 6231 9735 8910 6985 9238 1888 409 4292 1158 2548 1176 5015 8422 3129 7129 1941 2272 7797 5089 7055 3084 6688 2329 3522 8443 2611
29 820 8724 4057 3501 7699 6681 4788 4282 8581 1871 3229 4223 8734 5451 3828 4351 1536 8196 7476 347 6019 9682 4651 6478 1957 5559 3024 2810 6804
29 2139 8644 2803 2777 676 5423 7286 9599 4724 1679 5749 3506 8892 1097 6208 4414 9292 8319 9528 5616 3965 5933 1782 441 8522 6153 1801 6810 5065
29 4467 5552 8543 9646 7976 1562 2106 2644 1485 2707 9562 3548 4456 924 8883 9673 3961 1403 248 6199 8473 5656 1372 8985 9633 9710 9438 8879 8194
29 4611 7760 7946 6482 2304 6113 2569 308 2574 9289 790 6586 6434 259 5048 2300 9794 2975 8921 148 2172 3270 267 1277 2885 1937 5543 3059 1154
29 2995 1817 7494 5345 9984 5860 3836 6643 8251 8700 1082 6574 2044 1701 4925 6072 6930 716 2307 6087 9102 6536 4324 8811 4416 7858 4890 869 419
29 7678 8085 188 5156 2293 1644 970 8239 2435 6296 4163 4844 1214 6809 7298 2077 1571 3805 4162 6020 4725 3230 6420 1479 1815 3406 3074 7806 8696
29 6507 2563 7984 3640 6150 684 7185 1004 7592 4413 5603 9857 1960 9287 3609 6692 7758 2485 2227 7582 3017 9684 4426 1874 6943 8981 1550 9403 7364
29 3155 4634 6214 4068 6983 357 4942 1917 7927 2274 8944 881 5405 6082 2056 6904 2658 297 2700 4837 7160 7085 897 6209 3614 5809 8317 6680 5638
29 2870 3902 6062 191 9079 9752 8178 3335 6978 1602 7062 5647 9809 8115 9217 3401 2631 6940 2839 2473 4233 9373 7902 4468 4905 4291 5948 9555 1177
29 8044 4801 4878 7394 3735 7845 1639 6112 4874 9854 6233 3431 8861 858 1482 3684 903 5806 6739 1087 1561 8071 6465 7376 7289 480 9615 7066 7688
29 2234 3075 3911 5914 5483 4629 7203 1770 1127 1897 2055 7906 4002 2577 5962 278 3213 8843 8429 2598 4854 988 5088 4907 1281 4437 145 2249 2480
29 8103 2648 9117 7689 2756 6912 1229 7872 141 8783 1218 4435 1919 6728 1853 8475 7499 2200 355 2208 4206 8676 7389 7220 2721 2308 5844 6264 6164
29 3060 7006 8657 1140 9636 7519 7637 6128 2194 8993 373 3298 8824 9081 4011 5214 3641 7733 9174 9337 6004 5145 4121 3996 2559 5950 2441 2213 5823
29 5482 8090 8205 1192 817 2358 4627 5580 420 1120 3835 521 4212 3464 382 9931 9810 4406 3408 4786 5421 3497 5932 2454 399 7930 3101 8216 7911
29 6261 3562 4166 7752 3763 8714 6766 3001 1167 6572 3637 5584 2780 1261 2761 9609 2951 8758 1931 9239 4333 7017 3165 3478 218 1115 4552 3540 7492
29 9151 929 2874 4099 2614 1907 232 3079 177 111 2083 6252 9218 8248 8807 9716 131 8519 4572 4879 6373 9206 7933 4326 8749 8164 3138 3472 7652
29 5266 957 1896 4169 2573 1575 4495 5323 1802 5975 6188 3194 9497 2004 6006 669 1840 2425 1523 2596 8704 8557 4463 8576 6577 497 4058 2620 9958
29 3216 1187 3765 5134 7650 294 62 8790 3429 7078 620 3670 4892 9458 157 5540 2256 6512 3728 1201 3999 2461 5649 1877 2626 6929 6271 3872 8909
29 835 9890 9417 6168 3410 979 35 1340 36 4370 8511 9529 8821 9068 5379 7102 2466 6009 1743 4886 8580 3338 3712 6782 5386 6203 5928 4135 4275
29 3873 5524 1348 5545 9416 8277 7022 4231 4145 4031 5297 84 7560 986 2546 5577 1391 8217 8491 8496 2543 6825 963 8770 3909 882 4592 1268 1637
29 8078 7256 4794 2482 8273 8693 9540 8442 3803 5568 5508 9654 3020 6429 1914 8490 112 6466 5617 6555 4668 8280 6455 2953 9353 6573 4461 3422 849
29 3353 8698 726 8797 3950 3623 473 7944 5911 8904 4679 3603 5282 3136 8279 7893 2387 803 4860 591 3342 8275 8427 1583 7332 7107 3404 3918 6441
29 1813 1466 3128 7120 4529 4784 6618 1804 1541 2624 833 6287 9116 3923 5994 6846 2206 5688 8643 508 7940 5364 5243 4038 8219 4811 7029 6217 900
29 207 3265 687 4214 4151 8162 6262 8365 1149 358 9973 4519 3131 8686 6544 9712 418 3960 7023 6736 3964 7913 351 9572 2269 6654 3083 5915 4678
29 7674 9440 4797 3333 4777 2049 7870 3669 1306 1007 8988 4657 223 8775 2560 3692 8276 2047 7848 1884 6937 1979 8789 2694 8515 5747 5774 7178 5033
29 9053 7901 4757 6416 2135 4391 1138 2591 7748 2843 5429 7000 140 6010 1905 3525 3605 2663 2029 9911 6568 7182 1912 7128 1378 5398 637 4037 7417
29 9601 3452 1734 5815 1152 6677 7572 6099 2797 5074 3608 7345 3127 1952 6716 4277 3073 6850 2246 9693 827 6243 296 4790 9713 8660 5317 4923 124
29 7782 9594 9957 6635 6382 7485 5744 6522 7316 3785 5397 2943 2148 109 3061 9588 1927 1763 840 4826 5094 8136 9680 7287 8845 891 3030 7841 8670
29 8786 8246 5503 26 2965 4655 7952 8737 8793 1310 5068 9979 3290 7620 664 1866 6106 4118 5123 976 8452 160 6848 7354 4061 9476 3072 6952 1911
29 8980 9688 9200 477 3762 3036 5052 9184 2247 4931 1011 9983 1436 6780 4743 66 5627 2411 7578 761 2073 7454 6723 2340 8043 240 1891 6830 7887
29 3187 4830 7574 8586 4 3380 5499 8679 9324 3215 7955 7122 4696 6388 1892 917 9047 5631 8171 3245 8930 7113 2729 1978 4337 47 1540 1399 85
29 9670 8372 5149 9787 9956 2746 1677 6036 1821 2832 4262 8214 2825 7388 7702 7171 2219 5825 7079 8817 2366 7140 9879 826 9253 806 3645 224 7272
29 1826 4581 548 8431 6030 9115 6452 2771 8000 5822 1749 7039 5347 7300 1308 623 6991 9587 801 7956 7211 1699 699 2302 6366 127 3664 2585 2288
29 2758 8299 6497 1670 9806 4573 9537 5446 2266 8182 878 4047 1034 7001 1498 6895 4955 5056 2118 6777 9137 8748 1966 2282 2214 1943 1105 2968 5666
29 4891 3581 8386 7979 9966 1123 7259 1898 3745 4388 3813 7195 6378 1544 2730 6147 8221 887 3329 5920 7255 5576 9536 3135 1287 4840 2143 4526 6511
29 3636 9960 2442 7648 3953 9937 1282 5353 3904 3304 4726 5501 4952 4425 522 7587 3301 4043 1625 2639 2787 269 1628 4039 2095 8376 1295 845 9700
29 3766 816 5608 8566 1745 5868 2439 4566 4953 8316 5659 8623 6585 3584 2759 998 8534 1156 7879 2650 1334 4445 4210 8088 4798 6012 2291 9015 1648
29 5876 1387 1468 5113 8282 6444 7488 7110 6919 465 5856 7863 527 5817 1774 4258 4538 9077 4202 6589 1357 2102 5319 4999 1449 2703 368 1665 5269
29 5014 7794 6245 487 7151 8615 2053 2637 2489 5425 1431 9689 6948 6811 1507 30 407 7889 2026 1101 9341 2621 9789 8818 7119 9863 8574 7608 3818
29 3709 6956 281 6402 1398 2555 740 9235 6436 2989 413 4019 8507 8938 7919 3495 5531 5573 2319 6788 9578 9086 5358 5728 7477 6377 769 4707 4300
29 3448 5645 534 6864 7084 7147 9329 9585 5739 2960 3794 6318 564 2686 1553 7044 1977 7932 6678 6682 3597 1514 9193 3713 9962 8061 5375 7422 697
29 2922 8184 2793 9227 2640 1462 5201 3326 1730 5183 1694 560 6849 6187 4723 6100 4240 1858 842 3372 6131 7451 8763 3352 344 5937 5780 6142 4184
29 1959 7566 5846 8919 3518 5705 9147 572 1012 8486 5238 868 2397 2589 7112 5956 2714 4244 1338 2665 6984 7736 7224 2109 6916 4026 9358 2530 2149
29 2038 6227 3533 61 6284 1515 8711 9745 5223 3320 4204 3825 2124 4081 4371 9252 1876 3068 100 9985 6934 6290 1586 8510 9865 6052 3985 9544 1363
29 2584 4469 7096 7309 4415 2633 5525 6244 3882 6567 3166 4882 1618 8390 9207 1068 7836 255 7040 5977 3935 7391 3977 2884 566 7478 4643 9109 4915
29 1711 5703 8654 1818 1505 5724 1095 541 3192 2132 7743 3507 9466 387 8901 6439 4737 1654 3371 3549 2750 6855 543 1869 892 9347 451 825 9307
29 8346 2766 552 2693 6275 5251 7327 185 5176 7835 2068 7802 3839 7150 4226 1894 8497 3231 5038 8419 3749 4968 4912 6569 8306 8077 7008 5930 8392
29 2822 1204 3361 4803 1863 2036 3881 5596 74 5838 7610 7466 2389 7308 4918 4177 1057 3571 6058 847 5893 118 9496 1017 3239 9894 937 2957 2659
29 5959 5030 3693 8356 6407 3347 7408 6395 6218 9658 5055 9029 7785 1321 2882 1598 2216 9981 9509 6140 2831 5715 8853 3163 6717 5285 3931 3334 3517
29 2921 2146 5952 747 7323 4227 5126 1151 4341 4306 2230 9087 8801 6701 8915 169 2821 834 1741 6314 1159 317 4449 2778 1518 2448 6435 4708 7722
29 7277 2163 7793 3339 1964 2401 1373 5010 1411 3675 3144 4440 8899 8826 178 7069 7159 3552 8186 967 4225 8101 6281 4783 1682 7223 1270 3829 2497
29 5371 9446 5941 3312 3268 3680 163 5170 6312 5843 5781 3606 8611 3695 831 6837 1383 6315 9706 9429 5866 5250 8326 6141 2393 205 5859 2809 5453
29 9106 8453 9366 2933 273 571 6049 3644 4589 2415 59 7672 8691 3011 1458 6048 2484 1611 9928 3916 154 9048 9503 1997 4367 4695 2123 8360 6216
29 526 8653 7787 5537 5566 1239 9825 365 6854 9436 2909 2760 3454 189 1838 6365 1469 9262 6476 1084 4928 9479 3022 814 2976 3734 2895 6969 9154
29 389 9194 7395 6250 6910 6123 3722 9477 2322 5343 2509 38 529 8278 5075 5943 8996 9553 5498 8800 4982 3980 4403 9181 8567 2105 2059 6663 2367
29 6812 7132 457 2205 4560 9907 4278 662 3905 2318 2799 8222 2705 3622 7258 7075 6111 6400 9929 3394 1332 7034 1506 2991 44 7804 5216 7153 7502
29 6440 2091 2785 7894 8083 9625 4096 5742 1657 6523 7942 7108 322 4919 8650 3896 5924 471 3615 9401 28 3862 6986 9881 2104 3796 1727 2215 5211
29 9392 862 7569 1205 8950 7383 1674 3151 8292 2947 4684 6183 7007 5306 9002 5299 4125 4893 7285 4806 9105 8357 3627 1878 3214 12 8037 4767 6787
29 1179 1595 4170 3560 1250 375 4307 6057 3984 6630 332 9575 4823 133 8140 8095 6924 414 7141 9783 9519 5995 1331 5686 181 3906 3697 1946 9212
29 1579 7545 9104 3519 7798 8701 2018 8111 5084 1555 7847 4021 2539 6024 4813 9421 9323 6963 7428 6604 6219 6805 2162 2383 2398 9099 7631 1503 969
29 187 3210 6729 4802 3306 4248 784 4969 2728 6675 5530 8191 5137 2354 3646 8578 8999 3109 1624 5335 1696 8923 9167 6631 105 6901 8928 9724 5738
29 5634 4107 2332 1139 434 309 5901 9406 4205 8723 5474 1329 5689 2014 9334 5270 494 9551 4056 1850 8021 8430 2655 2751 4646 4517 578 9330 9770
29 2734 3860 3534 4091 7707 678 9831 9898 9186 8974 594 2052 9750 9792 6772 3389 449 2231 2684 4670 9271 7293 8905 6 8554 2706 8986 265 7234
29 6570 3171 9037 9891 3582 9708 682 4350 793 5821 9921 9110 5768 2790 1135 3920 6521 7829 8156 7070 562 2210 5085 2732 8533 6008 2789 8887 2388
29 8598 6330 1365 598 6620 4156 7406 9456 2541 1427 8325 9839 7596 6192 3983 4148 1886 9046 6853 1582 5623 8102 2160 2072 7521 6637 8105 5877 4539
29 3922 6257 7235 3643 3612 2768 9229 9315 8518 2001 7336 7275 5661 3543 539 7053 5790 1906 759 5061 2688 1663 7445 4150 3943 6041 8743 7978 2980
29 577 5160 5973 2512 6374 3283 4183 9272 1354 1532 2931 1548 5018 4511 1885 8942 1567 3113 4868 1748 8656 3223 5011 948 7923 3760 5960 4339 8618
29 9191 8948 528 7929 3844 4009 3731 6359 5302 1193 1096 6707 7056 4423 6836 8597 9409 8425 2754 5853 6468 4772 8772 2285 3588 8895 2807 1653 7796
29 8172 2198 9635 6493 2350 4018 5224 4487 8377 5704 1423 6648 8844 4583 5072 5443 1173 1013 6083 2192 4491 7274 5792 8648 3930 9535 7837 4235 4644
29 8858 2830 4060 5881 7161 9980 2359 4015 1707 8289 5514 8284 9222 8639 32 7238 6170 1351 1710 6685 8729 9331 6858 7602 9759 5215 8236 5284 9138
29 1408 9764 256 2228 1049 5066 4323 1222 8460 6872 8652 1754 8616 3629 7948 1070 7750 324 3056 4301 2861 7862 614 6053 262 6667 9383 4965 2084
29 2368 1599 9868 479 4219 721 2058 4377 9725 2538 5314 1402 3174 4749 6375 5356 14 8133 4787 5431 4253 8881 7658 5101 3661 8987 7861 2016 819
29 3883 8561 8523 4769 4034 7603 5796 5587 2289 9220 392 4383 9179 3981 4829 361 6492 8414 5980 4405 5620 7266 9514 1546 8110 172 8744 3857 9418
29 9058 3756 5195 4458 9095 1016 2057 2337 3544 7745 7816 7082 6456 1056 8601 9290 2108 3359 7635 3337 2361 6109 4209 5017 2498 2834 2371 8180 3634
29 4974 3782 3681 276 4926 1260 2138 5506 5274 1219 6989 3146 8145 6486 3054 3888 4656 3376 9266 9846 8212 139 9036 5091 7154 6495 6496 9643 8636
29 6599 8502 314 108 780 7436 4903 8454 4465 1610 3262 7706 4428 7682 5230 2251 6726 9776 6336 463 944 3053 3699 7583 6833 3601 9869 8932 5921
29 9435 482 3258 6155 1422 2144 8281 7347 2310 290 9420 7009 7941 4546 1146 6743 5076 583 7628 1164 5745 622 9539 6103 5936 4532 7729 518 9741
29 5835 7179 7397 9522 5109 3122 1055 7751 5878 4785 9056 1564 4100 9135 922 3211 2226 6962 1366 807 9663 6047 8127 4741 517 8682 2925 8816 6906
29 586 1833 3119 3260 9175 5945 1076 9571 927 5502 525 4401 8939 345 5132 984 1616 299 6939 6469 9926 8354 9623 8363 2533 3355 3467 2901 6576
29 4119 3827 1196 5237 3811 629 8293 7441 5439 789 2373 9704 1920 7740 965 2372 6851 6877 9626 7095 2277 5544 9608 7523 6784 1263 4548 6390 6202
29 4935 8896 6610 3005 6973 919 8594 134 7392 4588 8602 8296 7443 7118 2171 5373 8599 8461 4389 5034 6803 2471 4176 5599 5864 7090 5432 9782 3708
29 8725 1752 1437 5997 5826 593 6816 7379 2161 9339 718 8047 5395 5600 1968 713 7673 5567 4924 7398 5807 1859 4848 983 5795 6972 1875 8307 4188
29 2182 8339 3701 8717 653 238 8381 3997 8517 5071 1837 3035 4612 8345 3944 8780 4700 2379 1720 4853 201 1072 7465 3948 1279 4762 6442 2879 4331
29 2150 3240 5492 9685 8699 5086 4302 760 4117 6740 5578 2050 9300 6735 628 1535 633 7881 3737 19 1026 7657 2987 1686 5527 2779 5372 3913 5193
29 3387 9246 7115 9755 6748 304 3537 5218 2470 5235 5035 9412 6213 9414 1401 7615 1050 3253 5655 5103 8809 4537 8622 1930 5275 7741 3349 362 9932
29 3016 724 6879 4937 3524 7980 4076 4394 689 3532 3336 8562 5828 412 9959 8908 8087 5810 1265 6035 2733 3561 4624 7972 8803 9064 3161 2296 7577
29 4115 7642 1040 9304 9073 4084 3703 4116 8076 1519 6210 7811 3975 8509 6399 9344 7700 8158 7027 6270 3809 3593 9569 2896 6222 7677 953 9410 7162
29 4764 6488 330 7636 9817 6421 8933 5759 4017 4289 2078 1799 5834 6941 7557 1439 9264 4310 9162 438 7170 1019 8633 2115 4571 8165 1255 6598 6632
29 9738 2381 4390 3149 3396 7177 7910 8577 9986 2788 4822 7935 2276 6951 844 7018 9276 2181 1565 4991 7535 5449 6489 8192 4196 4346 8270 8167 7010
29 9861 1030 3878 3385 2430 6876 9494 2762 5862 9178 2260 3553 92 7549 9800 3674 9630 5755 1656 9516 5979 7311 2529 4222 4459 9041 5970 8268 3143
29 3183 1359 5324 6871 8540 158 9242 174 4385 1304 3742 9127 5766 6601 1963 6540 8370 5287 3007 8703 6608 765 2784 9686 3015 1820 2467 5470 470
29 3491 2996 8125 9732 7890 6005 393 3528 794 3086 7875 3191 907 2743 7276 9232 2889 1073 2988 97 1284 8863 3578 4733 4984 6673 9767 8819 582
29 9371 7382 5984 7638 4386 2394 1996 1245 3195 2175 3362 7400 5281 710 8109 6611 4378 2327 7433 342 7627 1041 2856 149 79 796 5712 126 6065
29 5604 9696 2241 6258 8261 6348 7016 4358 8235 3865 9067 4687 7237 4382 8135 318 2130 6628 307 7634 7446 5328 8451 5629 2422 8830 5621 1551 7207
29 681 4662 4259 8120 4966 4175 8368 5138 8322 9733 1668 1395 1319 1147 2617 7853 1613 1645 7510 1043 9234 2159 7498 6335 8197 5593 8640 6038 3952
29 3039 5147 7015 7458 2048 9462 9467 6686 2680 6515 9760 5279 3147 8371 9796 6462 2753 5399 6417 9294 5283 8209 6694 4510 5173 3041 8070 2936 4347
29 7883 5535 3833 2599 3331 8766 7361 402 1836 7703 391 1889 4906 3771 6591 8362 514 9596 3261 5179 7819 3689 4036 9523 8736 427 5698 946 2518
29 9189 9814 9942 5942 7442 9761 3847 80 4190 4500 9835 5327 9007 1870 337 234 2593 5001 6958 9946 1945 2356 3154 7717 2264 8776 4940 4685 519
29 8995 3288 5889 1037 2479 5020 3667 7054 8645 9885 1852 8808 9309 909 9902 1052 635 1632 6695 9432 7226 8738 2117 5359 6408 9320 6161 2561 4659
29 7138 6791 8927 6463 1197 4005 6727 2745 6547 230 1256 4168 8721 6143 3220 6998 8975 5493 8259 179 3787 4816 1328 113 4877 3057 9573 9296 3748
29 4071 9360 9584 6928 4050 3275 792 1904 6750 8483 8894 9862 334 3449 8329 6220 6146 8333 5246 5444 401 4744 9101 6040 2691 3457 3279 7399 531
29 660 2847 9820 8503 8613 1659 2391 4621 6470 4055 5547 2651 1405 7712 4448 7184 9011 7273 8233 2449 7814 5663 1086 809 6201 7968 7801 764 6014
29 719 5130 4754 2858 2930 8418 4858 3625 5253 9499 1643 1045 5852 198 1170 6321 7626 1346 8291 549 7971 1381 1447 5521 7121 7166 2031 503 4916
29 1434 8232 5756 4870 9190 5102 343 679 3465 110 8617 6651 7838 6174 2683 7033 8498 4493 8984 3751 8600 3200 5316 8542 634 617 7852 6898 1635
29 9141 688 4766 3618 3295 5416 5693 8572 5760 4263 5222 6672 8591 6471 2666 6438 6078 3085 5733 6571 7874 1162 5785 3438 2211 8244 8374 4594 694
29 78 1568 1339 3903 2239 3610 6500 8328 9954 4110 569 2120 2520 2463 8675 2237 2462 1195 3754 1733 2081 6080 4485 857 4411 2088 1027 8265 7456
29 1577 8394 9695 3099 9454 5360 5912 2748 8349 4864 8318 9793 5290 1483 4199 5775 5643 3293 1058 9512 2958 5141 2025 1375 5536 5586 9152 9860 5517
29 3425 5673 4122 1983 5612 5797 5522 9439 4044 1370 5601 6862 8448 6665 4417 3437 9507 5614 2625 3600 7945 6391 2824 3426 8146 9030 1327 3159 2338
29 327 2156 5771 7191 8234 9719 2468 1784 9240 9870 7257 6191 3134 7860 7114 2508 4129 4557 7225 6875 4932 4173 942 3045 20 9778 4257 1212 4576
29 6781 773 8177 2 5207 3536 2429 3854 8154 5277 4124 1557 9372 9464 1452 4421 3418 8702 5060 774 5626 6116 5019 7601 7711 3607 9018 6806 973
29 3190 9445 9336 3921 291 1217 8417 4472 7111 7374 4833 2040 5352 3812 5152 1416 4970 6649 3880 8869 1065 7469 6583 3706 547 2828 5002 4605 2894
29 4172 1143 2554 8778 4455 1985 147 9753 1098 3176 4489 1168 2076 430 5581 9666 4623 2174 7495 272 6095 7827 3994 2177 7730 6358 8585 6865 9478
29 8424 4980 5334 6970 4710 7992 2375 2774 6473 619 6185 9089 5411 4074 6414 6448 1828 7365 7943 7366 7749 9225 9950 4108 6490 4580 5513 9873 3767
29 7653 7855 1712 7922 9129 8439 1093 6409 7660 2176 4201 9247 8455 2811 305 5971 999 226 6120 9532 3736 3523 6926 3081 4936 453 6821 341 6614
29 4189 90 5934 6475 7985 6657 1203 3858 1253 9308 5793 5309 2923 7532 7692 9823 9297 5422 8563 7710 658 1617 9602 2294 7616 3274 2380 8470 6479
29 2635 3160 182 5472 7867 5313 5706 5424 5496 431 6138 1825 4147 9736 2342 9325 3837 3184 1955 9801 3933 3691 3577 692 4381 5032 3970 2386 2436
29 3516 804 7448 3987 4400 215 3443 3619 1777 5900 1233 8943 4667 5367 8761 1664 9119 354 923 763 4245 4563 5180 1454 7604 2572 1916 8096 9577
29 3117 2517 8934 3919 8193 3716 6731 7896 1767 5700 4062 7939 1320 3730 5504 4902 3639 8034 500 1901 1343 3864 6548 3559 5391 1634 3589 5851 1921
29 4904 7047 1330 7244 1124 4628 4948 2232 200 576 4040 7267 1085 6721 3028 2225 1511 4596 5841 3788 3969 7954 7490 9342 6828 940 1697 9995 8385
29 7318 2191 1956 7060 2145 7723 8957 7393 2064 4527 2513 3273 2699 2724 1494 2949 8764 6725 5043 7550 7547 5172 8922 8685 5813 2737 9580 5991 5107
29 9014 9157 2890 1822 2860 4355 7719 2410 9044 2892 7473 6590 5428 4343 5606 2015 8200 5331 3473 3666 8612 4849 9061 6317 7788 8658 3719 2956 3595
29 3592 1492 8026 4327 1059 9629 8257 6752 926 4432 7614 1002 1698 6182 8341 7172 9513 9624 1190 2580 4211 2764 8965 8802 1626 9045 3008 7165 4964
29 8141 2607 4543 9930 1608 443 2920 3103 9084 6584 8358 7334 8855 9389 3441 5652 7514 398 7208 46 1478 6852 4613 9022 8100 9023 7997 4771 6172
29 2417 4474 1285 6655 9836 4718 9909 1998 8642 7401 4032 6460 8035 2984 6670 4139 3576 6050 244 5099 1078 6066 8308 1714 2844 9613 6371 8631 1289
29 3440 7229 9568 9699 1597 8250 6551 1322 5105 2071 1683 7213 9249 2235 57 3344 7155 1 2420 9944 151 757 4296 1538 9112 4384 7764 283 9784
29 6056 5801 7439 144 1325 7715 489 2136 8812 5100 4898 7068 8659 3321 2204 6362 1272 8321 4498 4987 7571 7145 5558 6887 1396 7156 3474 7270 6090
29 493 5325 9460 9797 60 2126 8834 0 9059 3069 9690 9502 5332 3251 7344 6453 6977 3884 608 8403 2816 4075 6560 7595 2862 852 4674 4635 3232
29 9168 625 328 4239 1558 2339 941 3486 3341 1132 5366 384 8536 7321 8338 8926 3047 985 5463 5047 9319 9402 11 1108 7281 5526 7470 2528 5723
29 1048 7205 7251 5153 9076 8549 971 6817 9660 925 991 636 8665 6684 6338 2185 9040 5651 2022 1116 4203 3307 1497 3752 7770 9244 5257 3870 7690
29 4052 8607 8971 2459 9702 9590 8634 7866 4348 3340 8215 9664 9628 4090 9024 9681 3574 9717 9345 3466 1432 6903 6917 5408 8343 3779 788 6279 3399
29 7937 6982 6754 3781 7575 4250 5166 3170 9267 5403 3364 1460 1371 7288 866 7681 4838 8900 8495 9644 7669 1107 6771 442 5985 5548 8978 3080 4171
29 6933 8669 3772 8003 1053 1715 2154 3587 9848 4641 8055 3407 9651 2675 7363 7757 9560 7353 6759 8208 7 6477 9364 4105 5196 9423 4512 3444 9346
29 2603 7759 416 7335 4622 3266 2295 8897 7869 9737 7761 8189 115 6298 9996 1054 8139 2087 599 1075 7599 242 6909 4255 730 31 6883 6587 6588
29 152 377 8227 5127 7295 8884 899 939 841 8238 3791 7824 6085 7242 8378 4883 7898 6724 4475 6247 5203 7250 4012 4721 7705 990 5789 6061 6207
29 5046 94 8027 8624 7986 9096 8176 3040 4880 8211 7243 4591 5441 5848 9923 8355 2290 17 9480 1729 2628 4283 821 7306 652 4841 282 5988 5255
29 3875 1130 910 4650 5910 4165 1689 6295 2525 2689 9035 7387 7429 6063 9060 4340 3499 6494 8827 9521 2932 9313 8632 5665 1800 3197 6776 9838 6051
29 7324 8121 2954 2715 2141 1293 3091 4356 4025 2280 5350 7355 2685 2404 512 367 4750 5154 8271 8 1775 423 5217 7228 8994 5430 2850 7655 2507
29 8033 1666 4994 7384 9397 7621 6566 3281 5748 7038 7484 6927 7370 5073 7146 8990 2798 4103 3222 9965 797 9550 5184 2405 4688 8880 9388 6133 63
29 691 8961 8143 1036 9384 4393 6221 5157 7163 1971 168 4101 4410 7884 3894 2741 775 5899 6792 3976 1234 8474 6355 2197 7970 5678 9444 1738 2254
29 2600 1824 3656 3044 7742 4677 7087 9183 3780 4900 9375 9908 6763 7809 6433 4424 3409 6760 3162 3029 4216 3294 7987 88 2248 4274 9094 2267 3116
29 3153 6152 5209 3855 8053 7249 8798 4550 5312 6708 5322 4127 8604 4601 3942 4230 8707 7217 7133 9237 2222 4024 9945 8788 3649 5787 1607 2719 8694
29 7576 4922 8740 1051 9899 4636 930 93 1549 5523 7503 6354 3356 5782 914 96 8242 595 2723 8161 1476 2377 4409 714 4138 624 5736 4419 3082
29 7245 5388 3899 40 6445 6844 5619 9622 530 5763 3110 822 1128 4603 2800 1457 8614 4054 4653 4649 5858 723 783 9221 7508 4619 8784 3285 4131
29 42 9038 9913 5129 9967 3851 8006 9395 9415 597 1226 1723 2998 1091 2704 2527 3535 5884 8113 3445 3189 1362 2905 6293 9208 7856 2814 1397 6148
29 5057 9718 1768 2169 3620 1795 132 3871 6793 7097 7037 6552 2262 603 6228 95 2708 4453 6195 6193 8301 542 1311 6499 2311 9828 8771 2952 7649
29 9180 474 4773 8052 8204 5783 6826 2242 1064 7330 7305 7771 3834 6829 8254 5095 6802 7585 7350 4441 1902 3861 5305 8955 8708 4981 6633 7315 2103
29 8709 4494 9257 4909 5263 2137 2840 6393 9853 3683 7409 5963 4376 8185 5972 982 379 302 9726 5087 4939 770 5776 6076 3988 65 9161 5240 7326
29 1574 7175 1805 6032 7116 2236 6411 7915 4444 9153 7950 997 5497 1929 1504 7556 7737 5252 8304 2490 7786 3538 459 8112 9576 5491 8402 3188 6491
29 3831 8183 5966 2876 6102 1264 6519 975 9619 5045 83 1023 1935 3893 4633 1783 2312 884 9779 8098 5722 2934 898 2360 2478 2501 2099 5204 6575
29 570 2351 446 3679 3367 504 8754 9943 2142 7455 5906 5292 1244 8038 5220 8223 2697 1789 6967 9711 6067 8998 8104 5342 8247 8750 2400 9431 2451
29 6190 8440 2330 1860 3907 7180 8924 117 6186 8477 8391 1292 3314 1621 3446 758 5642 5464 8367 3690 8059 7092 6899 5158 8695 4947 8062 7718 647
29 9413 4260 68 9352 6410 1923 4093 9078 9781 7661 4140 4720 4658 1352 8148 5519 2292 180 8973 657 4154 6342 9819 4681 7542 3311 7966 7471 960
29 6423 4349 2000 8464 8936 8663 1412 4089 8389 1883 8224 8815 1948 8020 7130 1114 9525 588 6964 2898 6458 3726 1183 1716 1305 8195 5845 8715 8311
29 6603 7297 7402 667 5244 7667 5368 9485 8541 8588 1986 4375 832 6908 559 6380 9893 4738 1471 1940 9493 8382 9004 9978 1947 4735 6722 2623 9600
29 175 6557 5475 1700 432 4408 5682 3513 7317 135 8573 2153 1695 7509 9763 8732 618 9653 424 3732 8664 5339 6501 374 8241 3120 7371 4097 2423
29 8220 4671 4944 3694 1429 8937 1854 5850 739 3481 7472 8505 4179 4180 9256 7013 6714 4321 7168 246 5165 9744 2566 9953 7544 378 5591 5007 6627
29 6197 1942 9591 9459 1024 3757 1547 9892 4193 2919 6225 1589 7072 3065 5426 3672 7081 8847 8537 1400 2605 1843 1731 6907 6415 3583 5374 9163 1445
29 3590 5326 5555 69 7543 8697 2298 3203 1882 4736 6531 3058 8231 6137 2114 4335 7546 4704 1286 8525 1463 885 8302 7505 5261 1967 1678 9354 4901
29 1999 7639 8166 7253 9612 1604 9955 6286 8876 7671 8628 7531 609 8446 7035 3137 2224 303 7961 7826 2455 29 2284 3841 251 8731 120 511 722
29 9822 3704 8977 1148 6563 2873 3783 6309 383 5293 8917 3515 8956 7792 8762 9430 9387 5419 8016 260 3843 2579 1297 2065 6745 2385 6404 655 1766
29 1785 1831 1807 1520 9120 9777 8727 8488 7931 1676 4431 353 8605 5840 1145 7779 4051 3790 4742 7241 6372 206 9063 4993 1981 2907 1323 6179 1199
29 6229 3832 7380 3951 2323 8575 6622 1440 252 1083 7522 686 116 7025 4551 2278 5394 4645 8444 4846 1090 1455 7967 4850 3940 6074 7004 8964 4329
29 6392 2765 8952 4535 9382 5949 1198 6446 5887 5355 3228 2986 2842 3778 4776 9122 2245 3602 9597 3967 2035 4755 7501 6769 2203 6798 9731 3529 592
29 7148 8364 8434 8118 1600 768 236 9795 3018 3784 6069 6224 7459 6114 2615 5827 5487 6965 3822 1970 9639 366 4155 4608 6920 7214 7934 2134 4361
29 9488 9662 6265 7219 6516 2775 1300 6902 2477 7580 2629 2502 9906 4294 2845 9668 1047 1231 1903 2827 6641 9369 2865 7342 4666 3092 9786 1367 9604
29 6042 1312 3630 1410 1776 5726 5022 8264 1725 7765 21 1182 4547 3317 639 3897 4438 4541 3539 3566 1569 1982 3498 1337 5882 9774 4516 1954 4087
29 1717 3169 8399 6003 7109 7430 2346 3556 8005 9126 1516 8159 1934 9160 5800 2287 6204 1240 370 5111 6107 2575 5765 9291 2938 7553 2349 7555 9895
29 8854 3720 9756 5632 4976 4181 6779 996 2562 2722 1189 9332 2066 1406 4779 5565 4693 4010 7964 9171 6923 8229 8852 1374 8002 6068 8353 2804 5885
29 4753 5383 3579 429 9621 706 2301 9762 2403 1020 1435 54 3635 7005 3723 2324 3814 2910 524 3761 579 9603 8388 5819 7192 9991 6947 7996 6091
29 4078 5837 5653 874 1465 4001 704 150 8840 4483 4782 4988 6882 9694 1552 6545 8667 5003 7314 829 668 9472 1318 4366 7463 8596 4353 3808 7527
29 5465 3209 3972 1976 9150 9258 2609 5784 3711 4158 2725 3392 5869 1467 6418 4112 6376 2806 1684 9005 1605 7263 5155 2376 3354 4895 1672 2565 6422
29 4768 9740 8870 5675 4123 9241 675 2313 3100 9270 4497 9952 2080 9845 4128 3458 9734 1033 8054 1180 6034 9379 5225 5660 3014 2848 9971 1315 3227
29 5777 596 5528 2012 3954 7144 1521 7296 9327 1317 1104 7423 2495 4713 1094 5978 5880 325 9017 2696 8091 8359 2545 4705 6356 3451 2985 3570 7414
29 4466 9443 1556 5112 9772 4983 6634 2331 9808 5976 360 2122 5830 8384 1856 2060 4800 4648 7732 8795 6662 3673 7139 5560 3859 3668 1473 5410 7264
29 5500 3025 8073 8875 906 4933 9504 7227 6562 8123 8258 2325 7877 9118 2981 9283 3799 2070 3852 742 9834 6370 9450 3351 9642 5256 6320 7899 2107
28 8946 4501 2069 1772 2578 4192 6658 1302 8036 9203 4856 9780 3686 1046 4157 6134 4492 5628 9922 9566 1984 8521 2374 7052 1266 5734 7965 6625
28 7833 7511 3937 1756 4200 3292 8569 2450 4194 3254 5597 2656 6025 2576 7058 8713 6384 2447 3718 3550 8064 8719 880 8174 2505 2904 4268 2007
28 2849 2086 1531 2971 5181 9721 4703 6652 8914 2183 3330 1867 8337 4218 1771 2125 2110 7570 3244 3000 6913 8342 3224 2964 2731 9586 6157 9768
28 2772 9692 6857 3322 2767 7679 2710 250 3802 2511 6263 8857 916 3390 153 9196 3650 7823 4842 6949 9357 8508 4265 818 3196 1015 3468 6055
28 7643 280 9361 5247 7528 4286 7691 2021 266 2955 6609 300 4992 1661 9299 5268 2564 1640 1246 6043 4675 9399 50 9886 9805 6303 371 2157
28 2440 6543 2152 1275 5456 7728 5348 7369 3724 7651 8067 2808 5905 1223 7586 3102 830 7425 4133 3485 3564 3725 7252 6797 4615 5729 9645 8683
28 9049 1573 4568 3201 3702 4739 5683 1368 356 9317 7536 7525 5417 6129 7882 3657 6953 4752 490 1379 8570 9649 2597 37 3547 396 1533 9607
28 602 9213 8903 4896 6351 9549 7065 7675 5406 7304 8131 8413 3284 7612 6873 5695 7221 4836 7003 5194 7548 3591 5381 3800 77 9765 7362 6732
28 7080 7781 6765 9042 4249 6767 7061 2908 9457 6097 7727 6976 9228 7104 5346 4109 9066 6946 7684 1296 725 9610 9433 3998 8081 2067 7424 9404
28 1572 6770 8170 1862 5151 5654 8410 3651 8848 9818 9842 4028 5198 8007 5006 3470 7912 6249 9530 7325 5788 3070 9335 7618 616 5849 1991 1791
28 4523 3076 8415 1590 6177 1430 4730 2334 4004 5012 2028 5404 5259 6878 838 6968 1673 9998 3031 7403 1755 6158 4336 5009 9285 677 7174 6173
28 3123 9727 554 6756 9627 605 606 4387 7046 6606 2590 67 4430 8094 6741 4280 3927 1224 646 5362 7434 1153 349 5515 8846 4954 5489 5681
28 3249 7606 1704 7449 4186 4867 8050 2531 87 2009 8677 872 7990 680 3889 9876 183 2660 5799 3012 4198 284 2553 2250 7100 1010 1638 3554
28 6130 1512 8678 6509 1737 8966 1131 674 8687 8206 7091 301 8666 2682 3152 958 4033 3325 3621 2871 1157 9210 3542 6431 3938 103 9829 3021
28 2223 405 7871 3324 779 2801 8865 8920 5159 1792 9771 7188 8752 5993 3801 4488 5040 5692 483 913 3509 3526 9948 9124 7807 7731 5021 8479
28 2209 3181 9202 7698 6815 2101 5351 6994 6559 8912 6357 9728 1044 1847 7099 369 4106 9426 5931 9088 8405 6467 6702 5337 8018 574 2481 4063
28 6340 2698 2365 1614 2353 171 4722 6215 9990 3648 7407 6582 7949 3807 3026 4146 9209 613 9749 4159 6605 1155 5873 2427 8782 8792 936 1099
28 7662 1125 1842 9632 8471 3186 3300 8673 22 6276 5904 1709 6367 8142 9935 2872 2695 5098 5986 9230 6700 708 312 4490 6506 8416 8298 4418
28 138 9136 4507 7982 2253 791 9356 8620 4938 7709 4243 6954 403 1744 8489 9616 3869 6288 9920 9897 4220 5710 8838 6248 717 3979 6542 4111
28 2446 5679 7475 7864 1178 4587 2258 8873 9491 1242 8668 4290 7404 777 1719 2581 1169 2492 5750 4663 155 9468 9813 5996 9934 1601 6094 977
28 9581 8545 7329 350 3696 2912 6710 4734 194 6084 532 2116 2720 8015 9091 4477 4232 3596 8300 7067 3093 142 9905 737 8935 5650 1136 3555
28 1808 1846 3460 5669 6790 5542 466 8022 4758 8040 1419 6145 4379 805 3461 6166 9169 8155 1591 4429 6165 5814 7897 754 581 8582 7322 9827
28 2586 4447 7031 3867 9123 220 9989 9133 9851 5028 2030 1908 6018 1761 8124 9570 7676 2299 7333 8380 2180 5735 607 6260 2537 1486 7839 8805
28 9888 7539 6200 6363 9268 3411 91 4478 2983 2061 9720 1206 2852 3010 3175 5646 2432 8313 4911 9269 3793 8163 9657 8032 6709 7951 5029 4690
28 9111 4805 3051 6092 7232 5307 3479 311 4630 3508 5412 9964 228 3199 8871 214 5590 8804 4763 5754 1008 2190 876 9032 8637 7726 6626 6843
28 9543 2297 7173 5377 5968 785 2096 3420 5401 4363 995 1630 3456 4986 5716 6629 5539 1781 9144 4770 7444 9722 3688 6077 4271 8305 4422 1690
28 7633 3104 7695 2469 3150 7773 4221 7840 7916 1307 9545 2178 6178 9844 557 1488 9659 5389 326 2742 2880 3087 8929 640 2627 4872 6960 2217
28 934 3235 5903 6889 6237 2701 3225 9380 6550 9442 203 8294 865 4602 2671 8373 6306 5957 3433 5697 6880 3990 3947 1685 3936 3421 1739 9192
28 7320 5097 9441 3698 9640 2992 1750 9107 4575 8493 161 6238 5611 9279 6696 2283 2692 6712 4187 7959 867 5221 2796 8672 1333 166 2431 5392
28 6096 811 4751 3476 7367 6822 4795 1433 9149 1248 8260 5124 4835 8963 4598 9424 5541 3046 6527 5676 129 8411 8169 6534 1404 4913 3868 202
28 5588 1191 6461 8130 1421 8108 8970 9936 3777 4638 715 5701 9311 6915 3941 1713 9683 3193 6827 776 1384 1208 8739 2491 6818 575 4881 6546
28 2265 5944 3575 8625 9520 9322 7605 8463 9338 3388 2097 5480 1303 2944 585 8031 6768 6387 3263 3428 959 2438 1841 3687 2866 2959 8187 5227
28 3423 436 8565 130 5585 6520 4486 2744 8441 6795 8499 8907 2033 1188 6156 8283 3567 9405 9867 9807 9265 3626 1669 4369 9900 9474 4866 7747
28 7851 6897 5865 7969 5333 397 456 6205 2917 871 4130 9703 3795 9 7491 4373 3740 7813 8107 495 6081 5437 5300 7524 1762 7089 5178 5562
28 9988 3179 498 1442 3707 1441 7375 2687 1121 4396 2867 4515 3121 1642 7310 4819 6396 5816 1806 8822 4007 9605 6579 8203 6059 390 2670 6647
28 6950 2713 9743 8733 1080 9489 6267 9939 3500 7024 7131 5550 1933 6176 895 7763 7834 9647 2402 6132 1324 4620 8716 6022 486 1385 8290 447
28 5260 5954 656 3659 9790 4639 9121 5303 8641 6256 9173 1444 2408 6272 3063 3287 4149 440 705 348 364 146 372 2063 6932 2716 7772 6135
28 7995 9031 2524 2472 1554 7957 43 4524 4545 9883 3379 2826 5890 9501 1142 8688 8972 6343 9758 5923 1949 6679 5657 1347 516 9422 4556 98
28 102 1539 1067 4279 4476 3118 3114 2238 2233 5879 6856 7873 5200 4161 7953 4676 1918 9070 9611 5641 8030 5452 7073 7074 8117 4680 3366 5561
28 7584 9589 9747 2384 9754 1969 4514 5396 943 8025 2735 359 781 673 475 6451 52 762 4451 4513 3924 1687 6661 3510 5459 5918 1150 7775
28 4967 7186 8492 6474 2395 5 5167 8478 6944 1118 4665 8967 9216 2632 2549 4815 8028 5393 8199 4899 945 1018 4267 4287 509 8893 7903 3375
28 8097 3482 8710 9219 5400 2166 7349 8423 2281 3989 8147 2382 6719 5664 2424 7126 101 5640 7832 9009 4308 6592 1031 5677 9788 4224 1211 277
28 3815 6980 9131 8890 2747 8266 3573 9583 720 51 8089 7928 237 9448 245 254 193 1973 5708 6064 6297 2317 4362 9074 1958 2902 8548 6480
28 295 5557 5213 5516 7579 2218 8791 6361 6535 6344 7209 2948 4295 406 1461 4845 5037 6326 5468 8312 7497 4569 7461 8555 8409 3148 3062 4364
28 5455 8835 8134 3598 5117 9097 1592 4273 4079 893 1688 5998 5913 3502 1530 8129 2727 1450 7447 454 9333 5872 8323 2638 8712 6311 9188 711
28 5798 9248 2649 4957 1390 6322 2642 8718 5301 734 546 9871 3124 2657 3747 6539 4496 7808 2164 9614 8785 9305 3257 3848 7518 2911 8151 4875
28 1386 5467 6151 5115 1267 7721 3272 8001 3770 1693 5311 6997 510 7623 9552 8610 6861 6039 4595 5602 6401 9259 6273 8823 7164 2008 4502 9882
28 9351 6668 4765 3746 5598 9678 5857 4454 3715 1692 3925 642 6646 5808 6502 815 2364 7292 2344 672 6071 4242 9903 5702 2054 5054 4962 2587
28 6669 159 49 4217 1758 6753 6007 499 3037 3487 5304 8350 9739 3269 8348 1382 8867 247 3773 5164 5414 4810 316 9557 7411 9723 3633 6942
28 2098 8383 89 8833 4126 6280 703 800 7680 400 3743 9993 2316 9411 2540 4072 2972 1581 3569 8856 6126 8428 2336 4593 1543 321 8589 6088
28 9159 9887 4807 7552 663 1257 2622 7489 2846 2320 1349 7282 6115 8334 5067 492 3928 9671 7357 8692 410 5753 5709 7683 1474 4600 9866 9556
28 6613 7337 6640 2399 229 9963 8375 1735 8458 1039 8760 7645 3435 7663 1662 5409 2341 6124 1291 279 6118 6733 7197 2046 9143 9748 3218 1185
28 4114 994 2813 659 4715 8072 8913 6369 6163 4542 1899 8755 55 8066 1358 7385 7630 8041 7262 8457 6070 8408 8179 8606 192 4197 1184 1773
28 4077 8504 6888 16 3291 6379 3917 3647 1759 2552 7032 8347 5438 9455 1726 6841 5295 5236 9701 8825 5321 1529 2883 894 5110 5280 9650 2783
28 4960 839 5886 2526 3405 5144 9803 1944 437 1089 5192 3817 7312 6508 6398 3662 2740 507 9730 9199 3658 7594 6241 2926 5725 4561 7123 6017
28 7427 4433 8850 9286 1380 1588 3949 380 2207 7268 3863 584 3241 3759 5727 3400 5248 8023 2131 1335 1513 3739 752 6838 7413 5092 7926 4625
28 8849 626 4660 4311 6556 15 1243 9461 8469 8593 1526 4914 3246 5427 4669 2757 4525 1780 1619 7098 6645 1274 661 889 6169 4380 4775 496
28 4065 2583 4951 3914 2186 5051 6616 9648 9451 6690 4857 258 567 3585 3477 7307 7622 8480 8947 2127 3617 3221 7512 1995 7386 8953 2556 5473
28 3042 5613 7183 5895 8237 4104 8564 209 1797 4520 5592 2643 5162 2645 2010 611 5741 2488 7479 104 7057 3572 7619 3727 7991 3207 5050 5044
28 1587 1925 3027 9933 6000 4314 216 7960 9994 6824 4064 2370 4402 143 3271 1496 4843 4191 8230 6381 6514 9449 5589 3112 415 5471 4897 5273
28 1109 4303 5476 3278 4144 1283 5435 5296 1609 4559 3797 2255 1126 339 2970 6432 9295 2792 6734 176 3624 5824 5380 3493 5805 6988 4586 2661
28 2851 1038 4088 1100 3139 4817 173 4809 3234 7664 886 2946 8722 1829 8796 5746 7206 7210 8868 6333 8181 7818 1500 9069 2718 3652 6332 6537
28 395 8152 8080 7230 5940 7865 3033 4692 4889 1301 8369 7983 2900 6291 2982 274 56 7181 6900 3077 6831 9972 4319 8527 7746 8060 1928 4978
28 3511 2864 5197 8547 7790 4309 2838 4642 5861 2595 2011 6999 6581 877 1063 1887 2445 3594 7127 4778 4920 8456 1900 6086 9134 1071 9841 5644
28 8544 27 9940 968 3177 8651 7412 1174 7405 6847 9526 123 3819 9824 1171 733 2043 1910 9085 853 727 293 5140 3219 8979 491 7921 8753
28 4398 2550 810 5553 3764 1681 164 5639 7483 6329 3546 6773 1490 6337 1706 6698 8960 7143 2662 5288 1722 4484 8188 8777 7791 9452 2969 5836
28 333 2863 6294 2305 5005 289 7891 6747 6162 3212 3277 644 9370 6484 1137 8295 5187 4035 7783 6285 9843 8075 8243 5764 7396 9164 2075 6730
28 5262 1691 9075 7724 5148 6242 8746 9172 425 5133 7328 1585 3095 5761 1636 1221 6518 5272 2726 1649 2773 8635 823 4959 7617 2544 7885 7908
28 9832 3492 7496 6234 1241 555 1009 9975 2039 4647 2891 9051 9618 58 7167 2326 6180 5989 2362 4711 162 8014 1857 4008 7280 9080 3826 4014
28 4616 1425 5136 1675 1890 8462 1487 3439 5168 1980 5964 76 2416 5909 1413 9830 2419 2113 3776 1757 1077 7665 7101 9082 5549 8918 8619 6656
28 3660 8730 4996 9408 462 8046 7538 5177 4003 4272 5175 8813 9043 3393 4637 1122 3971 4534 5927 6525 3966 9318 7998 3141 4228 8225 950 1235
28 1641 8590 6046 9019 5226 3733 7299 4395 2542 7670 7036 2647 1262 7290 1409 9214 645 8269 9016 1844 921 8287 3447 455 4973 8959 5361 9558
28 666 7708 9951 2244 627 7607 6676 6389 1603 8603 8213 310 7340 3974 8630 4756 1376 8116 2112 9026 5961 6840 6619 2812 8068 2189 4714 7886
28 9714 3505 1924 2140 2343 8526 5125 1194 2961 6015 5413 8976 9303 5450 3108 7200 64 3327 4016 864 7420 2074 6751 1786 2275 2881 4540 7063
28 8551 4246 6778 2003 7416 9773 8201 2794 4799 4792 6171 5488 9250 1103 1392 9598 9427 6045 6054 8767 3115 4971 5575 4320 6327 1655 6737 2406
28 9145 1271 5721 8745 9484 589 6990 5163 7202 4095 4293 1389 954 8925 6450 2193 5199 1502 8379 3217 458 8888 7480 9170 8218 3653 6235 8351
28 13 2202 1021 8949 2013 5867 7239 3243 1326 4334 2928 7059 2314 3377 7431 8175 9103 7231 5572 7506 4029 4427 9301 7868 9148 5926 9100 3436
28 1141 4949 5206 5349 8530 167 9961 5390 6328 9274 3892 5083 2878 6945 1667 4207 5013 4706 4604 6987 6031 137 1974 5538 4820 4352 1313 4871
28 5919 8472 4238 4442 879 6481 319 435 1895 9548 1215 3453 5974 2967 2739 5737 8401 9487 8671 7372 5762 1953 6239 978 2567 1022 6189 1778
28 2805 3247 7011 7481 8820 3318 590 2499 6300 7450 4178 2857 1459 1314 4851 4839 9999 4654 8608 3475 9938 1570 2392 8747 641 1446 3956 4747
28 4141 352 1779 5461 9273 6464 5637 5457 8528 6037 3280 2887 7701 5122 533 4080 9674 2899 7093 1510 315 5518 9508 4042 9705 556 4354 3071
28 6424 4397 6819 9224 2841 6255 33 3480 6230 4929 9976 3982 5854 6406 5767 7196 9140 6110 6307 3395 2347 2476 2437 4884 2094 7900 870 9837
28 6808 9498 6595 8049 6073 9915 8958 901 3156 8150 9482 1880 855 8842 1453 3677 5484 8684 3089 1394 2486 6089 195 197 2709 9398 3769 5674
28 7136 3628 5077 4917 3164 949 8320 3430 9006 313 4732 9821 9833 2413 3514 3067 7437 2929 6863 9396 7530 9486 8160 3842 6136 7246 7593 2791
28 3363 5336 5069 5696 2051 515 8756 3830 8398 1259 1724 911 71 4098 7725 6282 5447 1950 631 9028 1534 9176 6139 1237 1119 9927 2594 1596
28 2378 3632 128 1835 9033 2279 3804 6419 8274 5490 5509 5699 3360 4578 4368 6075 381 4085 1480 3178 6144 6636 1443 4927 1509 1288 6524 6596
28 654 3496 8017 2940 3442 2024 1865 1258 980 1680 4533 8335 4215 9261 7012 9050 6334 1584 2271 3397 4013 7567 3483 8535 9517 6184 5635 7187
28 3256 7487 1066 6117 4910 1787 8012 9310 685 7135 753 9092 5108 213 8560 8860 2111 4070 8459 8086 7565 9859 5234 1470 7152 2345 8774 212
28 4852 7343 2005 3350 338 7381 3019 2738 3158 615 6705 39 6206 7043 210 1819 6104 2886 3142 2515 9638 9013 5981 1951 1765 8916 119 6121
28 7426 766 1113 7516 82 3755 2129 4315 4247 1671 8153 545 239 3806 3096 6786 6079 8587 6957 9125 7193 9849 1633 1790 6503 3168 2532 2155
28 1769 5241 8286 460 8445 3049 7359 888 8004 7462 6893 1069 6368 3034 3786 4934 4740 6689 4618 1230 433 3002 1005 6324 253 8272 836 8898
28 9282 3775 1746 4717 421 8954 6427 7278 5757 6268 5533 2412 8435 6044 6483 938 211 4305 1563 6549 4626 2421 3586 5812 7738 5161 7194 7774
28 8099 2496 1491 5387 9428 6868 4069 3489 7993 363 1647 4582 9655 9672 7493 6644 1537 4865 6232 3792 329 8065 8690 9667 6447 7938 4832 7820
28 1753 2090 9506 2195 2212 4082 851 9182 5570 5382 6914 3563 8512 2973 9177 8982 335 1216 1006 8524 4022 4729 5341 121 6867 448 2781 6246
28 8267 9992 5917 9811 5999 408 4313 2674 6236 7419 9500 2610 1280 5839 9877 7124 6807 3824 9875 165 4528 8485 7019 3369 6660 2487 9968 3876
28 1965 23 854 2396 4716 1913 1542 107 3185 9254 70 9677 7247 2817 5191 8190 8720 1578 9511 3900 8069 9146 9348 3946 7106 4590 2634 9914
28 746 846 336 2252 2535 2519 8494 5875 1477 7876 2547 3631 1489 729 7924 5505 649 4847 2602 5891 4102 8079 186 5294 843 3345 4956 9510
28 6845 4796 1816 7026 6283 9027 2868 743 4174 8877 8889 6454 2390 863 7656 9312 4610 2321 7762 3789 1388 8344 2079 485 4702 5618 2786 9255
28 1788 9288 1186 9592 931 6016 6341 4950 261 6666 9970 7766 5847 782 4761 5479 6617 1336 7963 4464 4234 9377 6981 9766 6002 1464 6269 2582
28 6885 7918 9236 1809 3671 610 630 484 5090 6711 4941 5770 5894 3382 5718 7909 6758 1845 9641 7646 7904 7687 7486 9878 9579 9113 7537 9343
28 7609 6425 7611 5116 5713 4304 6105 7356 5769 6472 5951 6310 2121 6060 7844 5662 3895 7103 8056 4269 707 8449 10 4746 1227 9916 696 1298
28 962 8447 3471 1926 9751 6966 8093 9350 5969 3908 9917 2935 428 7346 5947 7558 2309 5554 2045 4972 4073 7562 3910 2328 5344 3328 7474 4821
28 4322 4632 5908 3932 9139 8681 2608 9393 3130 9889 2522 3490 8352 8886 2939 9617 8773 2702 772 5625 3874 6254 18 7647 426 1615 1522 1508
28 8407 9538 271 9559 2815 6580 184 6971 7693 3565 7284 8437 600 1418 1517 2034 3890 7563 992 5267 1814 1658 695 1254 2170 4518 4585 1868
28 7822 6578 2418 2042 3 3267 1344 4048 7142 5121 9368 5291 2019 2551 5732 7888 9469 5672 4372 1992 9275 7905 8647 4407 638 3226 8387 9802
28 8595 6687 288 8841 8063 1236 7800 2409 4831 2646 1309 3434 3488 6457 8787 5378 6403 6526 535 1273 1251 1202 5120 5402 3993 9071 5481 7260
28 8057 8207 8781 9884 2906 6794 3205 9437 6553 3774 4504 8832 9365 2500 2220 4727 6302 2229 6775 7640 7303 2089 5016 6713 196 2357 824 7559
28 1764 3929 7358 3682 2147 6485 4673 4452 565 6697 1228 6814 7589 7962 5477 3370 6353 2333 9676 9656 9715 4000 7799 1181 41 2999 8945 7540
28 993 275 6959 9606 3744 9874 4137 8741 7755 323 6033 2355 799 3568 604 981 955 5340 72 4208 9541 7169 8706 8520 2093 6823 2829 8114
28 9321 9850 915 6961 4152 2221 2673 7240 7597 3545 8878 1747 1972 5330 2151 3616 5958 1732 4894 4142 136 1827 9661 3729 6783 9687 5418 2494
28 7828 6796 7694 8885 6504 5714 4828 2536 3167 4652 4460 2184 3879 918 3753 5758 9419 5495 2592 7780 8361 8202 2978 4664 6533 8487 8514 1993
28 9155 6671 5938 1417 9974 5478 5863 2613 3654 4958 1092 5694 2017 4045 4312 6226 3204 8626 2460 5630 1438 3613 1718 1580 2819 2616 6240 8465
28 2452 6785 2855 2769 6313 8421 5188 1525 8476 9919 3494 8769 8538 5093 5786 4434 7803 2133 1803 122 4041 3309 6541 5615 5870 6028 3202 8395
28 9215 9447 8592 7744 5258 53 3741 9880 1028 5407 5440 2020 1650 7973 2464 802 1225 9567 9518 7507 5902 4342 2612 9924 1393 8228 8583 1990
28 445 6683 7014 3866 2664 9391 3541 3934 9949 9634 3315 4689 6352 8255 8621 2187 8226 241 9896 6346 5743 8126 9198 235 3663 8941 7854 7021
28 5354 7216 736 3259 5520 4694 6167 6738 8680 6860 6820 1163 6612 231 7831 388 4470 8396 5636 2458 4709 2669 6593 5946 9947 7261 5365 537
28 9328 9243 4067 9378 9816 3238 3090 3821 9798 6364 8253 8552 4599 1879 2837 7795 1117 912 5778 7825 890 7659 4270 856 5569 8484 1559 7134
28 4760 5967 227 5751 1210 3332 9665 7768 8262 9376 2924 5169 249 2428 1353 8168 2653 4609 2941 5469 1200 7452 1061 2667 573 3308 8132 7049
28 3236 3665 9251 5310 2752 9165 9864 4672 8874 4241 8862 5000 8482 568 4365 7515 4570 6938 3248 3738 1987 6801 9201 9020 2523 3962 3901 5987
28 4804 9791 7042 9785 6278 73 385 8646 7045 5070 3402 933 4132 9010 2369 6119 6884 2690 4023 9386 7269 8962 1811 6339 2510 3758 9697 5486
28 2993 8128 4503 2736 3898 5058 7526 1420 5278 8122 4921 1915 7157 9381 3180 5546 6621 2270 7373 4285 5607 8951 6602 2927 7050 2041 6149 7947
28 3233 1062 7529 9039 3412 4053 5925 8263 2601 1207 4774 4344 2606 2082 4276 5982 8029 9709 6528 7051 469 2875 7666 1594 1798 287 6564 8314
28 7914 8468 5529 1278 2966 1994 1238 9675 4229 7784 2100 2897 2465 4617 6175 4113 386 755 4399 5338 4536 506 464 4584 9679 501 3381 9941
28 5062 286 5740 7351 3845 7668 5079 1932 1081 4579 5064 5249 5579 1029 2869 5622 1161 3125 3714 4606 1475 5992 4505 7644 6921 4827 7805 8629
28 9858 553 5511 9128 2914 9856 5670 2158 670 257 5096 7076 9434 1294 9547 8759 4780 6443 5139 4863 6259 7892 632 4450 6159 7319 7850 7756
28 671 6001 5564 9052 9515 7158 2782 6274 9554 5687 972 2913 3849 6026 4213 1456 1088 3432 6789 5929 6834 8157 9637 9524 621 2516 8092 2630
28 2711 7720 1751 2963 8751 6027 8968 243 5802 8689 7776 2188 4825 6749 4120 7778 3043 4404 3973 6558 9062 1129 6799 3208 1705 1079 8412 3006
28 2636 6347 417 6925 5082 738 6866 4083 8042 7812 9090 5818 331 6253 6426 3978 7218 5131 3252 7821 3032 217 5624 9025 749 8501 5717 4712
28 2672 6597 6992 4006 8584 8726 2770 3520 848 6412 1166 5442 9278 9185 2348 3343 8210 5385 4086 6870 5264 114 732 9065 5633 4237 3305 3642
28 4473 2795 2916 8906 3391 5990 690 7541 8638 2286 1493 6674 9490 1936 1451 1606 8310 5150 6839 3915 5004 7339 7977 2261 6308 1369 5953 3386
28 2652 9826 8297 8829 4697 5318 1414 9533 1839 4691 5420 7432 9280 6996 700 4614 505 8119 8331 9142 7198 5922 3066 3237 6704 24 8539 3504
28 1472 4236 6623 1499 404 5210 1593 6979 4640 6385 4945 798 4930 7588 5202 1736 7591 5415 4439 9226 4558 8531 3374 5582 4412 7789 7654 6835
28 558 476 1909 3264 5460 221 6859 2433 2937 1545 7925 4316 2833 8814 7233 8288 7994 536 1823 3052 6886 7895 4908 3098 2776 6881 4256 9204
28 6638 3503 7581 961 1220 5229 3348 8911 2179 4888 8859 1003 225 4160 9729 2315 5242 538 6127 488 7302 2588 8433 2618 8559 2444 1345 75
28 9211 3856 8969 896 3992 1133 9223 1299 9314 2802 6918 3955 2877 9367 2032 6594 9021 5357 6505 9746 5892 5025 7754 2990 4479 6762 4791 233
28 9872 7030 1407 2755 3323 5610 7777 7880 4885 4997 3484 4869 5063 1873 4167 8051 3891 3276 8198 7504 5888 4462 7360 7517 1428 587 3106 9982
28 3384 3551 5898 850 5574 6292 8285 3604 5434 1360 9593 5811 5024 7077 5104 9564 4094 744 268 5563 2002 3133 8940 6011 9563 6397 5897 1651
28 3877 7222 3316 3417 5436 6304 7598 8506 6331 2457 9815 6098 5219 7696 3963 7212 7500 7410 8839 7685 5363 1232 3838 6761 6305 7817 5779 5690
28 7735 3991 9492 170 3557 208 7464 8553 902 2558 9281 8558 7989 3132 7088 5731 5239 1213 3945 8705 6122 3655 5039 4531 2514 9987 5042 6405
28 5370 5595 2836 5171 1961 1740 5916 8249 9231 8309 452 7830 3798 861 7859 4549 3319 4143 8303 6383 3413 9306 5286 1209 5907 3816 7294 7917
28 7418 6154 8513 8327 2168 4530 7117 8649 1032 2835 7352 4136 8332 2903 1830 1832 8837 8866 4861 5871 767 1989 8393 9582 9912 4683 3957 7534
28 306 4066 5185 4480 5680 6125 883 2853 4325 5142 648 8931 8989 9008 5804 6350 4555 1623 4357 3768 4859 8252 7440 4631 6013 9904 6842 7348
28 3968 5583 6664 3126 4195 7086 2918 6615 1620 1849 8245 7554 1796 125 9595 3512 3004 4299 9083 4330 6108 7600 8836 7094 3173 3840 4345 9969
28 3611 8406 2604 9130 1631 4252 964 5053 5510 1074 5329 3846 4092 8149 6706 2475 7236 9156 7632 8662 8173 1501 25 6251 9542 2268 4963 4977
28 5233 1035 4481 2037 5829 3242 320 3299 3912 3850 7767 1742 394 8137 270 9757 4522 812 9473 2023 1355 7301 1527 3157 2942 7002 6498 3048
28 4759 1247 8481 3373 6922 7176 6299 5315 7390 472 4443 7377 4985 989 920 9852 3013 3885 5605 3296 9775 2363 8045 4961 2749 6266 3038 411
28 8039 8983 563 3064 5896 6746 4298 6744 9425 2243 4544 292 5080 580 751 4814 4164 4261 8674 4781 1528 1646 6911 6325 9698 5667 561 7460
28 9284 5049 8851 422 9263 6554 5228 3427 4457 8794 199 5289 2818 4943 9355 86 4059 478 6394 935 7137 6316 4979 8779 2712 6513 7568 5320
28 1377 2335 544 7020 5182 1794 745 8828 1810 8466 3986 6449 9769 5027 4317 4328 8336 444 4499 6896 346 9205 5445 7453 7810 8024 6639 7907
28 8315 7704 6890 8872 1855 4030 9394 8256 550 3398 4728 4284 683 4748 9326 3250 1341 9465 1252 3357 3750 9108 6659 4297 731 3289 9847 7936
28 2823 5939 928 6459 6718 1165 7028 4134 7105 1290 4281 4565 5874 1721 99 4027 1848 3378 3414 2676 6196 3676 8742 3527 5231 9293 3580 7641
28 9925 6319 2263 9804 3009 7974 7878 3558 5146 2654 4990 3721 709 6757 6742 5594 4482 1652 4359 5271 7686 2503 9620 7457 5711 8891 2493 2504
28 3198 6600 2557 4436 4834 9302 9407 6212 8728 8330 2062 6813 3303 7739 2006 6323 904 8571 6691 1356 5684 9374 8556 9277 8516 7435 8240 7341
28 8404 4338 6093 8438 7769 1042 5433 7981 987 6715 9812 6693 8426 4288 5842 2888 2945 7189 4686 4731 1922 2619 2483 3459 6360 4998 6955 8799
28 5955 8432 4808 3172 5448 8500 1160 6538 468 1269 3055 9072 7846 1249 9707 7564 4509 9534 7041 4508 1703 6774 9977 1576 5685 5507 6974 3810
28 6021 5532 5965 3462 873 5671 4975 5376 4521 9093 1622 8144 3926 6345 4855 3599 5205 1702 5078 9000 8467 3469 7734 859 439 8011 3530 3107
28 6891 1364 4318 540 3455 795 956 9495 219 7415 5036 778 3415 5833 4471 2979 7248 3419 9901 6894 9132 2199 5232 8810 1629 3958 6650 9481
28 1660 4392 502 5128 2352 1612 6437 4251 4446 5384 4564 3416 3705 3003 7199 9400 7999 481 2259 748 2240 3823 932 1812 2571 9505 1350 7215
28 9054 1893 665 7279 6869 2677 8609 2679 7629 8013 1708 9057 3094 5820 264 6565 2568 285 8997 5494 9114 520 8902 3111 1939 4699 1484 4789
