14 0 249 162 260 213 214 271 61 160 131 98 141 256 151
14 296 85 159 290 285 39 282 68 89 119 112 154 143 208
14 180 75 276 273 63 96 121 111 48 101 223 59 293 274
15 216 212 259 156 224 241 146 236 73 10 205 12 206 84 169
17 167 108 103 161 137 74 21 32 174 50 11 42 201 106 288 94 257
17 54 80 148 15 18 200 232 284 204 82 114 283 16 196 126 272 2
22 168 41 88 294 95 225 57 79 188 29 244 258 237 76 25 265 176 251 233 77 211 165
19 116 164 72 127 150 125 113 277 128 14 243 22 190 83 242 71 262 240 247
20 87 8 203 136 227 60 226 102 185 170 269 235 5 124 266 43 279 135 173 130
20 34 275 4 7 13 218 19 245 28 217 295 27 147 70 181 104 47 1 132 183
20 184 134 133 107 267 129 91 230 40 239 158 207 6 287 248 250 152 97 189 175
20 99 246 210 58 105 44 281 202 254 209 177 90 93 118 139 20 289 155 123 153
17 110 62 144 187 166 172 157 86 163 140 138 238 292 297 186 69 49
18 286 24 92 171 53 222 64 26 3 109 23 81 219 145 120 30 178 52
15 299 220 193 56 38 122 268 298 35 78 182 215 228 278 149
10 261 253 197 45 255 31 55 142 37 9
8 263 191 291 264 192 252 231 229
8 198 117 195 199 51 280 17 194
2 67 270
3 115 66 46
1 100
0
0
0
0
0
0
0
0
0
0
0
0
0
0
0
0
0
0
0
0
0
0
0
0
0
0
0
0
0
0
0
0
0
0
0
0
0
0
0
0
0
0
0
0
0
0
0
0
0
0
0
0
0
0
0
0
0
0
0
0
0
0
0
0
0
0
0
0
0
0
0
0
0
0
0
0
0
0
0
