3 8890 8397 995
2 8670 7376
2 2384 1190
3 7468 4476 1439
2 7013 2445
2 1135 7458
2 8773 7678
3 7227 5891 8308
3 2418 9569 7937
2 3654 4818
3 8227 3246 3491
2 9121 6610
2 7716 9910
2 6252 2736
2 719 2591
2 2176 8000
2 4679 1855
2 6321 3207
2 563 8563
2 1178 5982
2 3647 5067
2 3321 7809
2 7109 7948
2 3578 1817
2 3696 7110
2 6031 2573
2 9550 4796
2 6403 4887
2 2015 3202
2 6039 7206
2 4829 5903
2 5991 8047
2 7913 2660
2 1105 5480
2 8758 8088
2 311 3539
2 9913 5091
2 7325 4325
2 8878 1880
3 9459 4390 2007
2 9449 4027
2 5649 2053
2 8184 6544
2 3358 820
2 8965 6517
2 8578 476
2 1563 9954
4 7862 8306 6285 1956
2 3708 6527
2 8967 218
3 549 1192 8994
2 1776 9927
3 2735 4948 306
4 4644 6377 7391 6600
2 7575 6753
3 3580 6912 1339
3 3090 768 2718
3 7957 2297 9287
3 1209 3608 5071
3 1560 666 1159
3 9313 5983 2669
3 5934 3147 4471
6 3055 7929 7804 9049 3809 8156
4 6466 203 9921 641
4 5018 4435 8711 3560
3 4058 7108 5226
5 4758 1269 1399 4023 7909
4 1273 474 1803 1000
4 8292 1040 1874 2528
4 4309 5717 6745 5441
4 1867 6381 1778 7433
6 2519 9563 1194 4011 6521 8433
5 5970 7657 8950 5332 6686
5 6822 4078 8102 364 8330
4 5324 6541 9864 6190
6 2465 1992 5245 9483 6441 5950
4 187 2695 2944 8071
4 6663 7952 1973 2887
3 4525 7270 7581
4 7070 7561 499 8824
5 6689 6670 3693 873 978
5 3629 2247 6724 7346 4941
5 4839 9256 3760 1452 7600
5 1757 6412 3030 368 8727
4 88 9504 6644 6889
4 8477 7119 7355 7632
5 3607 48 8520 4467 492
5 423 7936 3936 5821 3313
5 9847 8731 4214 7347 8596
4 3371 4687 6879 2939
5 303 5868 568 3291 7025
4 2061 622 7779 9377
6 8175 2009 9675 6913 1208 1344
5 606 1138 8204 3381 4557
5 9752 4494 6228 4352 2758
5 3549 3442 5343 3362 773
5 4071 5693 8189 9925 7482
6 9679 4150 6607 4411 9750 1022
6 9619 2883 9084 7088 9252 9803
3 5335 2581 5573
5 5235 2316 734 2212 3341
8 7965 2432 2917 1978 7891 8192 3111 5883
6 1097 6901 268 3655 1002 1555
7 5440 6277 1515 957 8290 9349 4483
6 2720 713 2869 5222 7444 7773
6 519 7401 1005 7711 4717 8730
5 3167 4842 6965 9251 4793
6 9409 6198 9581 789 4520 5059
7 9003 5445 8640 7799 9090 3614 2486
7 3817 9976 7956 6160 9920 7464 3288
5 3307 375 8564 9985 8303
7 9514 2571 117 3253 2774 4048 9824
7 672 5192 1315 8342 6150 1381 9693
8 1066 1335 5300 8962 2008 3008 5562 9723
8 6002 700 5086 9216 2327 1228 3193 1626
9 6263 4094 7475 3855 297 6633 1866 7379 1844
7 7499 6916 3555 5161 8509 4836 2288
6 8708 6831 4788 6694 1206 4646
8 4742 6815 7429 445 4379 9463 5371 2620
12 5497 1900 2920 5299 29 2986 6424 5721 7284 389 7519 5857
10 9707 2135 1543 6961 8395 6794 2717 872 8753 1015
6 8329 3471 7911 3311 1319 9520
9 4601 2949 7399 3281 4877 6740 4070 9489 8722
9 1305 7928 8310 3988 5341 4475 8073 1529 9515
9 8703 1664 4066 9402 8792 1146 4052 8278 3286
8 7861 3156 5860 273 8840 6662 1113 1376
9 677 7005 84 9325 9901 9649 3104 7684 2709
10 4059 9305 920 2941 7229 726 4084 8968 7713 913
11 4008 6783 837 4637 2912 3692 7198 5307 7613 8332 807
8 9140 9283 8086 3758 1421 9763 6665 8048
8 9888 6695 4894 489 8029 3138 9044 89
9 6807 1888 5381 3168 8158 7196 7122 2463 5618
7 7040 1833 8420 3333 6735 233 5513
8 3444 4090 3743 1993 8302 7210 9579 8253
7 4618 24 1735 2589 8458 2751 2430
11 3869 2356 8518 9393 2559 585 7318 9935 1860 1023 9359
12 7463 4377 6706 769 4307 961 5598 6269 817 3990 5553 1140
10 4855 5769 5885 6649 7064 5237 5954 4006 3028 4181
8 222 2576 9979 8728 477 6004 9186 923
8 5424 4495 4586 7114 3257 1067 8895 9451
7 372 3103 61 7709 2166 211 2346
8 541 9523 3025 5971 1512 493 8719 1284
10 9799 4143 7141 8179 3245 7329 3739 2412 229 4337
9 3149 1528 9291 5402 864 6208 4528 9600 1131
10 55 7640 9187 1724 6884 5295 1246 1706 251 5467
10 6115 157 741 4098 1492 7020 4629 4301 7844 3507
8 4346 5406 3239 8587 3540 4255 3729 6960
9 5716 7877 5902 2324 4511 9744 4588 5296 6520
6 580 8271 8024 7314 4065 9868
10 8406 583 6044 567 400 854 23 1713 446 8528
9 2020 5304 6418 5615 2742 3334 9249 3388 5705
8 3457 9670 3527 2523 2112 9346 5597 2308
7 6456 9020 3049 4693 457 2866 240
8 1353 3564 113 1838 1323 9636 9019 3367
7 8559 9411 6529 3640 8892 4838 835
8 8675 1815 1447 2026 1959 7453 4361 6499
7 6952 1879 8787 4648 1970 1143 5478
7 9207 2429 7849 5858 6239 8546 4469
7 610 2828 1384 8566 318 6744 2951
8 2278 2296 3651 6200 4450 7075 722 4193
6 2507 1794 9996 2495 908 4138
8 4882 219 1414 1024 9385 3230 8815 766
9 9626 8698 3697 9046 9495 3557 3225 8913 9048
6 3667 4984 8848 9845 2981 6463
9 6361 2531 696 8459 1363 4830 6515 3749 962
9 6900 4536 5491 7319 9289 6238 4580 594 644
8 2313 7455 9347 8739 6430 1785 1442 5254
8 6767 1332 4208 8447 7097 3086 3926 6018
8 554 6654 3409 5517 8348 2541 4492 5979
8 3410 3918 1609 8426 2649 310 2502 0
9 9698 6843 6135 2123 8254 6647 6591 5127 9999
9 4056 8489 902 7224 9735 1922 8139 8606 5524
9 6780 7864 5218 7768 1177 8788 2615 262 831
8 5881 8149 4387 1013 4507 8035 4329 3755
7 394 6502 7993 1773 5920 7239 7972
8 9820 3276 2538 2074 6293 1061 5325 437
7 7293 2233 1406 4635 5711 8111 4321
7 7186 6485 2714 6877 209 5914 180
8 6656 3005 1651 2642 7662 7147 2376 1562
8 1883 8783 8020 6053 3833 8605 3903 3277
9 7188 6189 7687 9452 7546 6076 8553 8430 6
8 1227 7810 8055 6155 7373 4317 6226 7522
9 5027 9166 7889 1090 9011 3433 7990 1087 6518
9 8213 7140 7156 2426 6536 935 9418 8726 2851
9 3546 1170 3596 7585 1326 4493 5444 5471 3042
9 9733 3249 7320 513 6245 5732 1027 9642 3337
7 6139 5387 8557 1697 9109 8245 5968
8 7028 9052 7846 5887 5593 7506 5334 6019
9 1407 3236 6752 6669 1142 7152 5780 5190 4022
7 7435 5227 3826 2147 6327 39 3709
9 4873 6404 2079 9267 6645 7534 8571 3791 7997
7 8932 9405 9852 3430 3740 5382 4420
7 19 3197 7553 5500 9804 7113 3824
8 2603 1637 4583 3384 8224 8902 2171 7061
7 190 2942 6851 1524 9613 7383 7621
8 8630 3294 1605 1734 1564 4405 6825 5969
8 658 3579 5358 5034 4863 2825 379 7362
9 5727 4781 2788 442 2896 4709 6583 7264 3298
7 1784 5743 3849 332 5377 4559 7760
7 7612 699 8104 3779 9071 2654 943
9 2738 6849 8277 9869 1755 3325 174 4177 8908
8 2424 7398 9128 8021 5017 5158 3694 3088
10 1438 7129 8586 212 6340 3685 1695 4465 1356 9097
8 8736 2512 2915 1186 6222 2099 5272 1118
7 7287 7180 8774 874 4482 5679 6090
7 9406 2436 965 977 3778 3986 7015
7 8484 7230 2928 6547 9138 2343 8402
8 5808 4537 7677 3368 856 5169 384 9530
8 8262 4260 8435 1625 7102 6480 6319 3827
7 5213 7512 5049 47 6762 2359 4868
8 3575 5572 5540 1102 388 5975 8235 3324
7 2536 8323 2782 3398 9737 1037 3861
7 3148 6658 8715 4624 3566 636 4736
7 1372 315 3092 6567 881 3751 9360
8 739 4428 5654 8440 5347 5437 3767 5886
7 2641 8699 7927 2056 1676 6548 9914
8 8425 6123 8376 5698 9503 4913 8373 9740
7 9473 627 3773 6563 313 7680 2177
7 8209 271 3354 7934 767 2760 5985
8 1630 6110 9851 1267 9702 3530 5919 1545
8 6199 3029 2401 3603 1685 8028 9462 4949
7 4885 2899 6410 5621 8173 2977 8422
7 5875 9191 4080 2132 1459 137 7655
7 5359 6304 3512 6173 7068 4523 4417
7 4706 2006 3396 507 6274 408 2265
9 6329 6558 9412 6765 8207 415 9229 613 1546
8 5948 3208 5710 3017 6966 6484 9436 1998
9 109 7704 1852 6756 4228 9897 6333 3163 6143
10 2357 9544 6164 4815 4107 5764 8661 5742 2038 1652
8 4414 8449 481 2031 3116 867 8793 5578
8 2838 1251 9556 3594 4205 8780 3145 1018
7 2748 2230 8448 5662 8996 8599 1114
9 4546 9246 8370 448 7380 1949 1016 2693 3638
8 9137 1689 6125 7337 9381 576 584 4604
8 7471 7082 1588 2690 1430 1433 1411 6834
10 1593 945 3976 8410 7579 454 8244 3161 9509 9601
9 5990 328 4164 533 8609 952 1736 693 2448
8 6747 1100 3510 35 8995 799 3508 5281
9 4959 2791 3865 6473 7438 7778 4470 1670 3870
8 3951 8978 7557 1835 5557 5658 5589 7432
11 5113 7104 6168 7248 849 657 350 1286 3272 4898 5376
9 6493 4437 2422 435 9586 494 3135 6129 3705
10 7116 7451 2335 6420 7174 3669 5134 81 4191 3252
10 5393 6875 1260 1111 7988 5317 3389 486 4275 7617
11 6457 6924 9691 825 7884 7535 2191 4810 1763 8946 2411
10 1984 7357 6206 7000 8940 8493 4636 9372 9732 2593
10 5744 5856 9255 2338 6399 6197 249 3635 1478 7368
10 9974 4170 3910 6550 5344 1721 894 6382 8982 1594
10 3160 892 9030 428 6244 8038 9541 798 6988 605
11 5818 5487 2975 6409 1046 4953 8326 6855 9258 18 9878
11 2106 2143 2511 1518 210 9497 7924 9403 4373 9840 8230
10 3196 3891 1995 2216 5124 984 5909 3330 2812 8070
10 4455 8832 6475 4704 97 8998 5140 2237 5813 8251
10 1635 3176 2783 5626 6597 6904 4419 264 4500 7182
11 9685 4112 6202 6503 2470 2954 6692 9686 7218 5669 5896
10 9768 9306 5425 9464 6247 6850 3027 8679 2298 8119
11 3170 2293 2566 4657 8298 5782 4744 581 3312 6348 1705
12 842 5112 4200 7428 4404 4207 5457 3315 9880 7767 6207 8319
11 4223 5466 3947 3199 2754 9232 4939 6509 7771 9076 6365
11 5510 1674 2539 4088 8194 2984 2710 6581 9528 4823 7053
10 5746 6741 2198 1777 1422 819 285 1821 1586 3633
10 8629 3067 3068 6220 5816 3439 7971 7599 2678 1427
10 3572 277 4807 267 643 8830 9754 6801 9609 4936
10 9595 9274 150 4973 9199 7609 7483 8340 8809 5646
10 3329 3601 9890 951 3232 9836 4043 5498 8929 3887
10 3424 4194 565 2000 7816 4249 8958 9663 5141 7753
11 9087 8548 5516 9815 601 2075 3536 600 3516 9986 165
11 2520 2957 7446 7867 6618 6910 8334 7854 879 7069 8633
11 166 6068 4196 9105 378 4862 8857 742 8886 5812 6911
11 5060 3024 9282 8588 9135 7342 1947 2125 884 4005 6514
11 2963 661 8573 3632 9100 2240 5556 8031 2481 6830 2876
10 6786 8274 933 4154 2706 8099 6622 7835 6015 1682
11 8713 6951 326 7193 2473 4068 4802 5255 8762 5828 9525
11 2784 3459 9627 4421 3445 9392 7679 9231 1416 3890 2269
10 8979 3989 9874 3680 5830 5064 5734 1789 3265 1751
10 4184 4349 6634 3181 6562 5062 9865 9519 2491 7524
10 8203 4761 8464 1474 5847 4698 5910 5412 362 8276
11 6455 8786 8536 7994 7275 5008 6995 6564 609 2858 8907
11 7117 5189 3188 2167 1365 7150 3292 1882 7056 1035 4320
11 1530 1869 1240 2881 3169 7940 7497 9848 9862 9253 8778
10 9666 8328 6922 4141 6062 8620 7176 905 3504 1216
11 2711 9469 5829 3537 871 9687 8935 4415 4774 3703 1285
11 6159 608 284 2382 4123 5211 6540 8975 129 8949 9648
10 5890 5748 7277 141 2556 194 9055 7280 3624 5072
12 3461 5636 730 9512 4366 4819 8819 2582 1322 5147 1680 4987
12 1489 4935 2118 5686 9180 1537 7037 3278 1610 5776 6477 2936
12 200 5541 1 6009 2368 6699 5470 940 4412 1426 1293 6934
11 9401 5006 5771 1252 6089 524 688 1666 4438 6914 6291
11 4575 4630 1904 4940 7811 5394 6298 9748 1936 5198 1385
10 9965 1221 5054 7191 2857 5373 7528 684 6124 8490
11 4233 3317 839 6523 9364 5962 7501 4950 1289 4122 548
11 7792 2455 482 3453 6133 9478 230 6297 8201 9301 5294
10 5369 1010 497 8614 3227 5864 1316 9760 5664 8581
11 1030 5214 5955 4029 9179 9833 6680 8200 5000 9184 1642
11 530 4848 3375 2178 2527 9474 8237 4100 6363 2747 7784
11 4661 7648 8915 4854 2551 8820 2882 3061 8240 7720 7601
11 7638 3991 4705 7663 8667 1709 6495 9621 134 1808 5825
11 4910 7372 4875 656 1346 5660 2645 3178 9021 5842 4811
11 9316 8574 7430 7226 7019 1561 1513 7153 4763 7476 2172
12 6804 3426 3114 4666 5260 6114 4135 6320 631 5811 8046 7133
11 1121 1313 2518 1628 189 4074 1842 6362 3964 5348 5010
11 9806 6265 3066 1565 5426 680 9933 5561 6614 6349 2816
11 9559 9631 9575 7668 9817 1431 3650 1623 6311 6687 2225
11 9813 8309 1655 6474 7682 2315 8481 6560 2619 8891 4925
11 206 4720 2982 633 2966 9644 3323 5171 8885 5404 3889
11 5089 3821 718 9042 9065 6674 624 5350 8473 6217 3620
11 7406 409 3966 9457 3940 2630 3689 5997 3296 6725 6060
10 5282 8868 3051 7387 9810 928 9533 3552 31 7904
11 2657 8157 4020 6078 8188 852 5635 71 440 1615 5047
12 4833 1955 4826 9341 9062 8798 7296 7782 3515 8304 8080 3931
12 4794 5507 9487 146 5724 7014 2561 5877 7815 712 4931 1150
11 2626 720 3050 1634 7643 938 8906 3828 7200 2454 4127
11 9320 6003 780 6575 5287 7516 4012 8632 6397 4015 1559
12 9602 9012 7255 9002 1613 3829 3432 8881 7703 7127 1400 2457
11 6192 3830 9353 6580 2406 3722 2680 5168 4380 2070 6935
11 8784 9382 498 5156 5809 6462 1854 8394 4530 6384 1923
11 7631 1830 6413 6512 559 3570 6104 4727 4572 8999 2806
12 2681 3129 1986 7494 8110 9741 4840 7363 8153 2487 8948 6322
11 245 2780 5712 3022 3952 9160 4121 3774 5570 8389 4812
11 6307 6255 7876 5650 1553 5994 7627 5639 8568 1007 2096
11 9543 5285 7434 4024 578 2021 776 9966 4175 4212 8215
12 8462 502 2036 7710 6946 4072 7630 1428 588 4678 1633 562
12 5996 248 9830 4938 4003 2937 4584 6416 3091 1021 3741 784
10 8040 439 2731 921 5021 592 5479 4573 8704 3020
11 1218 2537 2686 5917 8851 2933 2768 7330 3868 2155 7899
11 3403 4502 168 376 7555 4433 3216 5851 5164 1663 8934
11 8198 6942 1797 1239 3867 4824 1229 4900 2759 4599 7733
11 1804 1640 8653 9647 8610 3496 1781 4051 1108 5138 7450
11 697 5090 8747 7364 6251 6907 9659 8061 4991 6371 8900
12 4109 5025 7086 3783 5241 105 2173 7788 3438 8356 5098 3850
12 1054 199 6903 4403 3345 5380 8284 8471 9788 9257 8622 5775
11 3541 2973 9625 3502 4274 6769 7635 6225 7658 6158 6717
11 9078 4299 9657 6537 2790 320 9943 7195 8986 948 3134
11 4673 57 2333 9068 4857 967 1538 5898 1333 2998 2134
11 128 7666 5602 2999 1864 2330 9658 8828 4235 3957 3733
12 5554 4980 1843 4645 5913 9639 7650 5763 5346 3256 3702 9099
11 6450 9286 846 9949 2128 377 589 5802 7930 7059 8199
11 7975 8835 1908 3220 5952 76 2805 9826 2549 9585 7146
11 7249 4686 4481 6132 2407 9321 6301 9883 2902 6306 8923
11 7637 989 7690 8167 5465 2122 4992 5152 1481 432 1645
10 8803 1508 5815 4119 816 1051 687 2499 7189 5176
12 41 9485 9345 8529 353 2612 26 1918 5475 8341 2698 669
12 3263 3816 5668 7479 3205 7498 3731 3805 9398 7859 9714 1887
13 6296 4867 5120 6984 4615 4503 2809 8182 2923 3081 9245 7408 5895
12 8382 6069 8856 4595 7686 6566 4561 5320 6894 6501 7836 5749
11 8351 3544 3191 9576 7316 369 7510 6072 5326 5604 6032
13 8346 3073 7870 6615 348 876 2599 7125 9047 5084 3676 8666 1261
12 3786 9640 9757 9130 1977 5374 4722 5532 9588 8837 5533 6170
11 3490 3200 9524 4245 5238 5094 1132 8822 5197 9608 685
11 1276 3108 164 5690 2115 7142 2142 5738 8006 1849 6616
12 5535 6711 7085 3036 8259 7143 9624 2777 1533 7672 4735 7410
12 9805 1223 4782 4656 5622 3469 9322 946 2510 539 2251 7813
12 3866 5699 511 4639 8506 6868 7926 2263 4082 4998 148 5531
12 5205 1200 9705 4409 6313 2602 9379 2063 8297 3519 8561 3848
12 7465 5777 3915 8554 4063 2907 2670 9548 78 1280 9726 1088
11 7574 8816 6141 9273 550 8339 2546 8936 8845 7744 438
13 4665 2904 2305 8085 1913 3393 4832 698 8344 1554 7295 441 7242
13 1527 9297 98 4914 4326 5221 4314 6678 1119 6543 7157 6099 3517
11 3717 6021 9751 772 2121 7267 8077 6256 1056 8202 1636
12 6836 69 4202 6119 6526 1979 880 2004 538 3056 2822 2337
11 4153 1500 9819 156 6066 3173 9929 243 7659 4000 5020
12 3462 7580 9549 9064 8806 7558 1464 9456 558 2405 4231 8718
11 3475 9314 354 382 3119 9397 5080 3810 9540 4286 1153
12 9633 8991 9681 5366 607 5674 8549 288 7511 4952 836 9250
12 8434 8133 640 5088 4971 9908 7610 8357 3297 3864 1659 5555
12 9944 2605 9654 6729 3122 1660 6974 9444 2894 3503 1077 6152
12 6360 290 4957 4713 3338 7754 5608 9471 5223 8107 4069 8594
12 655 6012 5495 2653 1768 4358 4730 9755 964 5683 6214 3883
12 9926 6186 982 1487 5844 7078 7707 4625 5365 5461 2032 9811
12 5757 2440 3583 6380 8761 21 4569 3211 6259 5762 9146 302
11 9045 4733 1627 9158 7386 979 2684 723 3320 1847 2677
12 2399 8823 4115 8937 252 3210 3949 155 9903 14 488 702
12 975 5663 2577 645 7344 8239 6387 5801 5509 8619 8468 9277
12 6718 7554 1723 2852 6013 4496 257 4144 5840 3548 2136 1225
12 6128 5888 9557 9410 1160 3429 1772 6325 7050 9664 5653 6817
12 3083 417 3840 2323 9156 4772 3905 2283 3472 1919 1699 1327
12 4246 802 6498 1281 5756 1891 3534 6116 6075 8702 1462 1009
12 9144 3605 4028 5428 708 1282 7090 1342 1925 5178 1367 9739
12 4285 5892 2442 992 7633 6248 9026 5384 1094 2204 8411 2300
12 8338 3411 3921 4658 7665 6582 1679 5908 2476 8565 2592 9567
12 7243 1580 830 9620 7448 6178 5794 8431 5980 3166 3742 8441
11 4225 950 2663 2480 8665 2694 5502 4385 1354 4054 1204
12 1233 95 9738 5628 8585 7490 9083 8525 80 4753 6840 9004
12 7236 5957 3414 3802 9645 4965 7757 7536 4152 258 6999 3571
13 3105 1997 266 9118 8615 6243 582 7556 8010 4468 4174 5961 5175
13 9628 4064 1503 2639 6356 990 8023 2729 9153 8469 7623 9211 4281
12 7602 9254 2916 5433 8909 3752 8218 8108 5330 5518 4442 7688
12 8285 7683 9477 161 9505 1875 7588 5136 2162 1486 5652 4339
12 6058 1272 6023 8412 9238 6056 4073 2091 9295 6761 3492 8196
12 9696 6710 4602 6886 3434 3759 3699 686 5820 2811 4751 579
13 4920 9680 506 3721 3102 3609 8534 7094 9899 4436 8526 8825 5063
12 6029 3554 5012 753 7457 7392 5391 815 620 1703 5505 5232
13 3875 1994 6000 4291 5375 7162 7903 8767 2478 1525 1893 6470 6795
13 419 7737 1729 9743 7941 5001 9998 6102 5181 7892 651 4252 7393
13 7874 4410 5539 9761 8263 7830 1199 7352 4762 3844 7989 3611 9281
12 615 3972 6538 7010 6426 8843 1034 3959 7775 8095 2310 8113
13 135 9104 6771 330 4099 7513 6681 4204 6880 6431 1303 1894 9770
12 3602 5182 1863 8379 6989 2893 1590 1889 7747 9058 188 828
13 6338 9562 5719 5107 127 2702 9038 2037 2765 7023 1542 323 8641
13 2425 4016 9634 8768 4371 5684 5610 1819 8335 9672 3143 329 8154
