27 6975 2417 3171 9200 288 6556 8027 473 4694 1032 3508 1402 4032 8426 92 2882 9214 2174 4780 2702 347 9377 2953 8729 3663 8941 5002
28 8450 7883 6190 4474 281 2323 3417 8418 6815 3430 6872 1797 2260 4410 123 568 9823 2484 1910 2216 8626 3397 9849 8308 2796 1181 2925 8887
29 1566 2182 8948 8543 4757 8833 6211 1996 8526 6912 7117 8476 5292 8189 1661 9796 6338 3853 8720 1216 3029 1902 1078 2729 4105 7521 5285 6784 2810
30 6198 1711 8980 8346 6765 2916 6032 5360 1917 4083 9327 5568 2891 8222 6948 4602 7310 1598 8135 1073 7563 1624 7425 4075 8770 3045 7100 5280 7533 5178
31 1134 2139 3452 6152 1595 1442 5436 7790 8500 901 4341 8330 5533 1003 5578 8752 5426 7072 6471 7591 5631 4572 4932 3358 7600 7687 9582 5536 2902 1875 9914
31 7678 3153 1415 811 9940 2195 8584 5867 653 610 4079 3320 4533 7009 9043 954 6670 9736 1413 3790 608 4806 5676 9550 5715 5221 3909 3173 6435 5361 2907
31 9475 4182 3060 1577 4632 6754 1250 7621 2801 8532 4145 8728 9548 1215 832 9311 213 5956 4819 3928 8900 7495 1702 6957 8456 7956 7094 9642 4820 5216 8879
33 2234 9861 5262 553 3316 9219 8624 2394 8937 9898 3647 7046 7835 974 2382 6552 5854 7682 5346 8497 2975 211 9749 4508 8380 9225 8485 4490 6141 624 5513 2895 3227
32 8103 5014 7324 6603 4115 2524 7331 3412 3242 5201 5390 2337 793 3055 9704 9919 1223 8901 4258 5827 9525 1743 7095 3089 6066 9715 9335 4222 8110 8682 6159 5418
34 6428 5832 8786 8440 6578 598 9190 4976 4323 43 743 1898 689 9545 2656 1747 2373 9381 5072 6438 9830 3723 2453 9597 7372 6019 6662 4663 6619 5386 5685 9748 4037 6898
33 6261 8078 4974 5583 6488 1756 736 9286 4355 7870 7891 1689 565 8877 636 1292 3246 7056 9877 8982 7069 5651 4133 7064 827 1019 2025 1357 8845 8218 6513 2634 9837
34 9151 3516 207 188 8339 9251 5171 220 5896 6866 6409 8577 4785 6460 8558 3464 1046 7924 7702 8534 8996 3253 9016 6443 6691 5902 6858 469 464 1714 6490 2523 3769 4131
34 5266 42 5233 551 6600 5516 1822 5116 238 941 3300 356 3234 3507 67 6213 198 3034 4669 3102 8707 4453 5627 3569 104 315 9108 5016 4908 2776 2067 5054 1533 8311
34 835 4935 1764 8044 6796 1779 2965 8906 9708 8462 2135 8642 5045 5412 6976 9300 5198 1352 604 6611 8148 6768 4305 1613 3178 9333 4173 6108 7490 5275 8542 2444 9841 3082
34 9053 1408 1813 3210 9561 477 6231 9462 5058 466 5010 6215 5911 6708 6210 6510 8878 1853 3152 4414 9411 2309 8269 6526 9269 3600 8962 3002 8302 8955 6008 6673 8225 9018
34 2717 3425 6812 3782 8143 6778 1691 7976 167 434 8798 8791 8264 1802 1899 5488 3686 1261 2893 6433 4776 4094 1845 2022 148 3509 6290 699 5232 3946 547 7788 7362 1397
35 7849 3873 4574 2766 701 2263 9891 7581 979 7065 3275 174 2280 9267 1166 5964 9222 9 4226 4902 7271 2290 650 3142 3263 797 8809 942 8763 6761 6932 47 3157 4594 9604
35 156 5634 7148 9688 2874 1066 2526 3671 4393 2391 7349 243 420 7450 4564 4375 6646 3721 947 8095 9673 4815 6039 8054 8868 2366 748 9318 3572 6751 8100 7804 8640 9991 9918
37 5254 3592 4759 3503 5245 6168 676 3164 2992 8726 2410 9762 184 6277 569 6310 3078 9769 8035 512 7692 758 8310 5415 7129 5616 9519 9028 7895 3712 5359 6325 8409 2329 5029 9724 6491
36 9670 577 4764 1359 5195 5476 6756 4777 1961 791 6295 6971 5053 6606 2846 5420 8859 4383 4215 8762 3400 6048 9595 9551 4016 4860 2742 579 9331 6080 121 6506 516 7322 8096 7264
36 45 820 6669 8246 3482 2351 3560 9095 8910 555 6280 6437 5496 4137 7105 6697 2120 8722 4343 2546 9729 8329 361 3891 244 1058 9026 4859 2449 8965 1978 3655 9579 7938 7854 3436
37 2758 9371 389 7613 2442 3701 3259 3951 4309 3272 8933 3544 1639 5603 7032 9983 3416 5417 683 2645 2300 1887 4340 2292 5393 9920 1625 1478 4029 2987 8275 9950 6415 852 8744 5618 7319
37 6430 493 1377 3877 2711 6245 1700 4123 7191 684 9467 6221 1433 4334 4520 7328 4293 7237 1103 9935 9448 4027 381 8336 8684 9965 7168 5099 8789 9813 6907 1454 6573 8918 3758 1027 5674
38 5876 8172 395 2265 8267 9506 8464 9568 422 2106 883 2129 6522 7598 2021 7815 1680 7267 799 4943 5379 66 6492 1488 2047 618 8113 5754 9656 6774 1718 3154 4297 818 4287 282 2623 4329
37 3448 9601 9328 9992 1330 6819 7650 2358 9669 7607 3122 2771 1098 9818 8840 83 6378 1585 6701 2342 1552 8140 9103 5816 5399 5605 4439 3624 3070 7140 5629 8363 6916 3800 9423 4881 6830
38 2922 3709 5955 839 7380 3579 8565 4442 1575 1293 8178 1194 7869 9078 465 5304 3127 8755 8591 9389 1504 8908 7888 17 8643 5205 5468 4308 4283 4426 1859 8084 7192 1396 3906 3057 224 4058
38 1959 6507 3384 5798 5354 4944 1614 3855 8273 4307 7777 1009 8569 3882 7680 6515 8191 5803 4423 5332 9455 9325 3662 1376 1977 5554 1006 1803 4013 5872 7669 7019 1877 6447 4695 3645 9786 8932
39 2822 3155 5777 816 1312 4067 928 9454 6657 7151 5307 5587 2313 7597 8458 2928 3794 7336 7701 428 5259 4074 5531 756 649 7570 6964 483 725 4537 8633 9572 2667 661 5294 6271 4956 3279 1289
39 5959 295 4071 4433 7566 446 8130 8471 7715 7327 7359 1203 5637 4174 8206 7374 6648 2153 6719 7007 8007 2869 1606 9674 6249 100 7103 7143 2073 5250 7659 9374 8672 5184 235 4407 7741 6542 2786
39 2921 7643 5500 5130 2847 3169 68 1398 9772 6379 7910 4221 5315 194 4724 7268 3548 8350 1589 1102 7312 7363 245 1050 7779 6146 8571 776 4208 7041 9972 6465 9193 9633 41 5678 1428 9643 6405
39 5371 7782 6021 7006 2335 5815 4507 8193 4529 2439 6727 7526 1344 1549 7390 4577 2426 3839 9664 6044 3609 2549 5027 8139 6760 4653 8563 4686 8825 8474 160 1841 3727 732 8749 1705 4962 5928 7885
39 4467 7674 3216 3611 7708 9791 4214 7894 4697 6000 6304 1342 7675 6750 739 8573 7213 1436 1128 5689 5808 2632 6968 7626 64 4261 5750 3378 7963 7530 3861 9819 25 9025 8810 5813 1629 7568 7917
41 4611 3249 9988 7937 1753 8026 8977 3099 3347 4716 9721 5783 3348 9660 8876 1360 9760 9862 6145 600 5306 3983 9996 5505 9659 9276 5640 1955 7783 1101 2543 317 8030 2991 8323 2883 730 9452 2099 2349 5284
41 6440 3883 4616 3198 4338 528 9304 8327 9428 9790 1217 1229 2232 7513 1127 7709 5071 6989 4782 7830 916 664 4090 8578 153 6106 8087 2492 7964 5111 9102 5762 8405 8622 692 889 5527 7923 2498 2668 7820
40 1179 5604 7609 9435 4170 9236 7042 3373 6046 2036 9856 9302 4566 8423 2947 878 1290 3453 8666 2184 7739 6696 7172 6365 1886 7836 2488 5139 8973 3749 4142 3597 9503 7303 442 20 4762 6377 7194 7899
40 187 2600 1788 9440 256 4099 8717 1772 9397 5860 173 1865 6267 7330 833 4732 8413 9187 2743 1262 8691 6998 6539 9409 4752 4706 3714 9471 7403 622 5961 8243 6909 8032 5196 8792 2273 8596 7471 2436
41 2734 2368 7995 1048 862 7329 7648 5895 1152 7279 3049 8204 380 266 4550 6800 3494 7950 9654 5428 1621 1905 2019 669 7750 7676 9295 3535 7023 260 2641 8738 8735 8772 6534 7517 6305 9071 9152 8816 3399
42 2995 3766 3968 4922 7245 9850 6493 9884 5082 780 9229 2375 5742 6473 1007 1849 2474 6252 1948 8482 5720 6772 7656 3512 7196 6725 1156 3007 3252 4269 7182 6126 2824 1811 2454 5936 8068 5398 3008 5774 447 2107
41 2870 9141 570 4662 3534 5967 6509 4386 2395 9974 1390 4487 4874 8469 7401 7816 1493 546 9309 9250 231 1249 3368 5594 5741 354 4143 4924 272 5866 151 8014 8075 1479 9176 79 796 5795 4866 9847 5823
41 9058 3353 8709 8546 6687 7397 5185 7060 1558 5797 873 2212 91 7872 4017 2542 9562 8215 2780 1749 9081 5135 1636 58 4312 716 1450 759 992 3000 6525 2579 9493 7998 6899 517 5276 1079 4775 6806 7234
43 6599 8725 5046 78 8835 548 1067 5632 2599 2239 1515 8765 7149 9753 7931 7661 1121 5314 4021 5701 2502 9179 2967 9024 5577 6837 7437 2564 3276 6900 5087 657 4675 9486 1475 3688 8788 1786 2942 4437 7424 5365 7021
42 5482 4904 5465 5370 626 7115 9635 4311 3696 9590 4942 1243 4828 1485 6296 4638 8794 2802 4882 4515 855 2576 5122 6439 4365 3525 3004 3728 7314 1619 5871 3296 9638 7905 4270 9082 9905 7223 5507 6157 2296 7502
43 2150 1579 660 3123 8152 7918 5555 8872 2747 9625 338 5052 6027 9393 1081 5403 991 8008 9029 2033 4992 7623 7001 700 639 7615 3184 8667 8300 5825 9711 5920 1084 5363 7897 4155 6577 641 9353 439 6947 3334 7559
43 9738 1826 1574 4634 2795 7251 4318 6699 3746 2506 3318 1994 3741 888 2613 3018 718 943 2068 2355 9365 2984 1719 9588 6432 9355 4118 4010 6958 4301 3012 2831 3750 7055 5575 9004 1812 566 714 7214 9161 3870 2681
42 3183 4967 138 8653 3505 4660 4327 498 3410 2352 1441 164 7605 5176 1326 2071 4647 5329 8769 2044 2354 249 6208 5477 1453 2245 6400 8288 1652 9512 1296 5572 3140 351 3424 2115 4020 2537 617 2467 6012 6279
44 3039 3636 8995 9858 2202 9037 2000 7752 7011 8234 8052 1631 4126 771 1525 3802 5843 200 2009 8089 7560 5219 2520 2657 965 8341 4727 958 5479 9981 3718 6394 1696 2871 5437 5995 4012 3948 9962 4412 7970 1697 3059 6246
44 1434 8232 8579 1387 7794 9131 5134 2252 5151 1923 5705 3610 1562 800 7045 468 2931 2590 3989 1919 5869 9233 4161 5214 1706 4109 6904 8804 4541 7479 2362 3933 668 4569 5449 4510 5225 7595 7618 9064 8574 6823 9650 1154
43 6781 152 3590 8039 1734 9104 8120 5298 2147 7436 9540 8834 6826 1730 9149 4193 3608 4504 9035 6098 7459 2817 337 270 5652 7200 2663 1231 8984 3539 6589 2222 1162 114 9514 5657 978 3988 4337 2737 2850 7153 3810
43 3190 3387 3042 8407 8432 5467 1407 1051 5696 6402 5478 3090 5506 311 1302 7670 5862 3277 4579 5411 1034 3377 8124 5775 4167 4106 505 2087 7433 1901 9341 1335 3768 6342 7734 5649 7602 8782 3993 9900 9358 8307 4585
44 4172 526 9054 7576 766 3051 2228 3575 4560 2201 5499 7086 4703 9406 4190 1354 2243 8318 219 911 8335 4914 1188 1135 673 7681 388 5485 3869 355 8947 1729 9926 1850 7444 8287 5380 3224 2211 2311 7553 5559 5470 5987
45 2635 691 3815 7179 5595 5966 6482 457 1776 6123 970 9489 81 80 3130 550 893 4243 1799 1742 5438 2833 9434 1458 8254 4157 2006 5487 6758 3737 6110 6734 4245 4558 6636 2210 6316 1375 5812 1594 5870 3074 5021 511 1648
46 3117 4119 8551 4753 1425 3911 330 3278 6623 6516 9484 5244 8381 8463 9989 5861 1477 5350 3105 310 2370 8821 5817 989 559 5356 8276 7994 4814 6678 8429 2700 1164 7945 6070 8136 2160 3066 4746 1237 8146 5950 2291 6074 6371 7641
46 7318 8858 6197 1386 9589 8590 5041 5997 6275 4200 7482 9640 2096 117 141 6436 4444 5100 2955 8296 5297 2842 115 9466 382 8871 9299 2110 3576 9297 3231 8156 1180 410 8340 3032 8632 9205 814 4961 616 8776 7968 4516 6625 4275
45 3187 6392 993 750 90 3656 502 2482 2169 3405 2755 2401 1854 7980 851 3500 848 3785 8369 6138 584 4428 8332 7321 2413 2982 5299 8295 4207 398 2118 5463 7366 7582 5061 542 8252 1129 737 8803 9947 9723 4940 2716 9109
47 6056 6933 7662 773 5388 8404 8952 8778 9951 4607 1053 5117 9329 6112 7061 1609 110 2055 5781 7257 76 3982 9792 1406 4288 1535 6418 5943 5013 7999 8921 8444 3751 913 7434 4536 2199 8690 6478 7972 2261 5582 2170 7934 9188 4605 1766
47 4891 8424 1641 957 5241 8386 89 563 3126 2841 9520 8651 1674 6359 5670 7800 6567 6256 7651 7876 292 1244 7620 5909 5073 1171 3458 8942 1114 9570 1611 8313 7373 7550 6923 3864 5452 1514 1874 9523 7717 8174 8555 1727 9438 578 3024
48 2603 7759 3875 9488 5535 6770 7439 6864 5462 3331 6278 3186 9241 4628 8968 9324 3429 7097 7455 5382 135 5282 4179 1972 8390 8601 1439 4146 2949 5880 9998 3615 5078 4670 4233 9206 7255 963 1061 1153 6076 1930 3668 556 1136 8387 7540 647
48 8033 1666 7633 9282 6257 1143 8166 5613 6935 3866 4926 504 4639 956 5167 74 3167 2680 358 9482 359 8813 2998 609 1308 4218 318 4934 9893 4614 180 9929 7350 8817 5625 162 2787 6583 7967 2434 651 7520 3354 4682 3404 7050 1522 7492
46 2038 9189 9446 5057 5973 665 5965 5031 1380 9937 7361 1787 6817 3625 2562 8004 4229 3797 3553 8507 9218 1701 2428 6291 5820 1221 5978 9513 5422 6938 5931 9530 3900 6132 9171 3980 5180 5571 5560 9170 2712 6637 5729 8548 8784 2217
48 2584 586 9543 8896 7984 910 7475 405 2140 9811 7485 9268 5714 4377 6167 8249 6630 8122 3228 7000 3315 1023 781 7809 4546 9547 7276 7795 7155 3960 1736 7333 2112 5335 921 9834 1699 9610 8929 2751 5305 3959 5215 5526 4643 3422 8443 2936
46 7277 3922 2198 7487 4581 9202 8586 4802 1429 4248 397 1600 7769 3170 177 5878 4831 111 2629 161 4684 1698 3095 2080 7557 3180 3287 4240 830 2910 1640 8459 4886 5623 9682 9086 6560 7440 2778 5521 5882 3421 9894 4897 7537 4978
47 9106 1808 2586 9157 9166 3899 9756 16 9150 1505 5 930 1238 6990 5596 1306 5434 5028 3110 8889 1754 6954 2014 6809 3568 4862 6220 2278 2697 5565 4946 2886 5778 9195 9432 2773 2588 3994 6659 1254 3493 3237 6059 287 2556 4502 1596
48 9822 6570 4077 4189 8364 2648 5865 4909 6925 7575 4622 1604 3907 319 2499 2289 1767 670 2989 1074 7108 6773 7157 3147 9072 3026 1392 6757 8370 4656 3890 8321 3973 6853 1356 3924 269 6254 9101 4741 1731 7542 9347 3120 7839 8959 98 6441
48 1785 9014 1109 1030 1247 5532 1818 6155 7026 5713 6410 1560 682 662 5610 2194 4446 257 1435 3364 4689 8855 1460 3923 7388 6414 8990 7167 7081 9587 733 7141 9085 1591 1201 5203 3053 7827 6825 9661 7583 6713 1209 3687 5849 8037 8180 1665
50 8854 9191 602 3233 1130 8121 8073 7120 6889 9735 9416 1465 7116 5125 6676 9461 4185 204 1427 5425 8284 686 2148 3879 8015 8509 1137 7146 1517 112 8529 407 9070 1565 2974 4285 853 1814 8102 3542 8202 2784 6717 6783 7106 3406 2059 6663 6974 2084
49 9392 9049 666 9211 9136 1938 2583 6871 2003 9967 5868 2775 1282 3205 3858 2331 9006 9231 9178 2320 4591 5309 9871 6582 9118 6006 57 6591 5731 6802 7834 3740 9776 1366 3773 5929 7067 4968 2575 4336 8045 632 4984 6833 2275 3457 2814 3530 8805
50 8598 9351 3423 8085 1752 3856 1285 8934 9408 4996 8890 768 9494 1198 2136 4089 7691 6230 4241 4130 8562 997 2887 1280 7532 2589 8338 5191 8129 2757 6905 5331 1645 1563 6270 4894 6144 9603 6840 8393 9637 2927 6431 8522 1010 9916 1540 4254 5392 592
50 7833 3160 9111 7313 8504 8447 7402 3005 5461 7253 1241 589 7022 9391 760 5170 5084 6312 3545 1694 6183 2020 4440 5874 7005 5093 844 2540 3470 4438 9421 5389 595 535 9088 9521 9578 9009 2347 9265 9450 6324 892 5515 882 3958 7903 8062 9558 6148
49 2849 7080 6638 1817 1271 7175 8183 7173 3149 2930 9899 8991 5542 7028 4454 4044 9939 3678 8677 5592 8894 4612 3926 7554 6174 7882 2837 5842 6223 8029 461 6387 4202 9875 8524 5458 6131 5494 9379 4176 3352 5402 3351 127 5344 5231 2431 2565 5561
49 2772 7653 8595 8394 6785 6640 8481 6250 2396 5855 2013 7865 7679 4788 9864 7393 4889 987 5749 59 7531 1960 5162 3136 9694 157 3786 3753 2508 8614 1341 247 7285 6555 488 2455 5145 3626 7498 6782 9620 1470 2844 1762 2915 574 1739 1212 2879
51 2440 6340 6423 9155 3827 1060 1492 1704 3781 69 3919 5585 4152 3680 35 147 6057 3905 2679 7304 5059 4272 1724 1389 2314 5998 6388 831 3963 4883 5971 52 1225 3068 1240 7208 1252 8703 8021 2486 1372 29 9903 7647 4196 9953 6169 2807 3633 8265 845
52 6130 2223 934 4398 9246 1204 6425 656 2954 3681 2430 2664 2746 740 4144 7878 964 8541 6652 6572 8013 3298 6814 2946 8352 6721 6026 6945 1063 6545 7053 5295 5242 8041 1578 4056 4595 6568 6934 9062 2074 9722 459 6631 6499 2505 205 4683 7478 5789 9163 7368
53 2446 5260 5588 8097 2636 9764 1062 3860 7183 6857 7458 3367 2384 158 393 3573 1340 8000 3341 3427 1532 4497 2509 7059 2826 8861 6182 7346 680 5727 1530 492 8599 5573 5495 6195 8016 2662 5034 4154 2934 8557 1311 6040 1974 7601 3842 9030 3092 4793 7654 7997 3386
51 9581 4052 1660 2652 4057 4773 2813 2459 9559 3702 7845 6876 5102 1133 2774 9495 8251 0 8974 1692 4431 4822 9964 8665 7949 8038 4930 2671 3684 96 4538 4470 6315 2246 3594 7634 1992 3789 6903 9167 1529 1686 4907 7125 497 4954 4735 1327 1946 3021 1445
51 5835 6229 7822 3075 3181 1807 1909 8733 4710 4391 879 408 8266 5433 2920 8793 3777 2207 7942 3850 2867 5770 4019 4402 4713 9008 580 729 8373 514 8837 2466 4482 7476 7070 1510 9693 8664 9663 6880 8748 3699 6986 6251 8081 6011 2143 7004 6960 9354 8696
53 7320 7851 6845 7205 9248 7343 8227 1348 487 659 8936 9754 6459 4677 8727 1770 1151 36 8679 2525 4095 9173 5064 9247 6893 8775 7740 9672 4448 5786 2581 7778 1169 6649 2972 9928 7943 4899 5271 5004 8173 6679 1628 2383 6053 1347 2257 860 3796 491 3868 6598 1298
53 6096 3491 3256 2414 3991 1339 6664 5881 2037 4050 5148 919 1236 8410 630 9380 8322 7629 4031 3262 5704 5192 6238 8939 1490 7443 4603 6996 1142 3674 5662 9169 6396 2312 7585 8496 176 7211 9532 1534 7892 4342 1277 5660 181 2054 1263 9164 4998 8317 8151 9697 9346
53 3016 175 9168 7545 1038 9718 416 5127 7244 3903 8714 3851 6618 7185 4858 7379 7316 2039 6690 3791 4223 3515 4696 237 189 3806 1507 8650 1866 1416 7909 1456 3293 2133 9779 5636 3394 3395 4606 1982 1432 4210 8408 5776 6022 1266 843 3226 5491 951 8631 7775 2423
55 681 9413 3511 688 7539 1365 7222 3972 3333 1014 1175 1608 8445 9719 6551 1160 9133 1735 6979 290 5687 2835 7091 7863 5289 2390 5108 5691 5230 3747 9232 9252 3343 903 5688 4035 7225 4604 761 3792 1945 8467 1570 3498 7714 7666 9032 6293 3369 4936 573 3030 5953 202 5698
55 5455 6613 4466 8184 9194 4349 1364 4701 544 7230 5456 8237 4181 2018 4076 4175 3667 7927 7111 6160 6037 3637 9979 3863 2897 9370 529 225 7290 9060 6175 6706 1783 7912 3641 9040 6343 1523 5179 3357 9357 8430 3413 6281 1900 6661 7354 7508 192 4973 2105 2516 953 6865 2288
56 7138 9180 9714 671 5147 5557 687 5917 2418 5934 9785 931 5005 837 4278 9955 3479 3821 3711 8262 3481 51 9067 7935 564 907 7873 8956 5782 3061 5067 169 4328 7737 5622 6714 2660 1806 3916 8312 4429 3788 423 5932 9201 5728 6943 2990 7730 3355 2862 637 936 869 711 9600
57 719 327 8220 2452 2563 2297 7569 4751 9366 968 8261 5181 294 2279 2873 4183 3346 7981 5439 6764 7748 8593 4201 2040 532 1920 8605 8512 4180 1892 7099 475 5746 418 2419 9323 9046 1190 8379 46 5641 4333 9226 5469 4449 6273 149 9342 455 9124 6360 3940 1369 6496 5551 2528 969
54 2098 8544 4768 3236 4049 6980 552 4166 3235 8049 6910 2479 443 1178 4530 2868 7751 1420 9186 8289 1120 4140 3313 7188 3273 5497 7282 3284 9824 643 585 3461 7499 3837 2379 324 9487 7732 5047 3967 6333 9516 9399 3023 9652 4608 1981 6503 2514 1881 2371 1801 6952 5644
56 4114 6950 4065 5524 596 3128 2152 5938 2005 7744 9076 1964 6150 3118 9629 9121 385 4356 8263 4194 5090 1676 8067 7345 5530 4456 9278 322 4578 1963 2151 1353 4549 6119 8196 9653 5131 2407 4846 5563 6383 401 9142 7301 9472 6569 3578 809 4798 2885 9134 1071 5375 7805 5988 3580
58 8141 1999 8946 2378 2607 7511 3258 336 5653 7481 2293 8820 1025 53 1138 2838 9909 6616 2470 2064 9798 8477 7503 7847 5096 5963 1085 2316 7247 6601 8886 1409 9091 1726 3463 6104 7221 7514 6288 9480 6307 8674 3935 9479 2356 6852 3838 2443 4369 5996 4411 9535 2904 8195 9645 3901 362 6787
57 3440 6042 9215 6891 9662 7720 9727 5077 3027 6234 4917 6718 1430 5313 1677 1750 5759 7988 8687 6535 9853 3304 6666 4818 5601 2389 3241 9458 3812 2560 2970 2551 4756 7673 5199 2411 2070 3046 5980 8303 2898 7398 8457 3658 7567 4036 6981 8940 7048 2269 1449 5805 8895 8061 8514 9555 8799
57 333 2863 4473 7760 445 3775 5941 6879 8740 128 6474 6284 3845 2101 7406 8494 456 9395 9310 9437 8641 2132 9921 2011 9051 3310 7941 4919 9414 4128 5450 623 9122 5982 4434 633 5672 3085 3621 342 6604 4206 9125 6608 5190 4265 1018 5819 8219 1834 6052 2848 4461 3062 6755 6135 7417
60 9832 6885 3660 2209 7735 7855 7639 5492 4481 3630 3322 2469 9817 6563 4046 6049 8417 6452 1904 7227 4589 9808 4388 1011 1971 3194 6705 715 6354 3849 1952 7242 1761 9326 5104 3067 3939 8028 1828 4623 801 5986 631 2127 9083 364 3200 4463 3521 4319 195 1527 4320 4381 2749 6303 5257 6240 6810 1651
59 9145 5954 7136 654 8644 7382 8961 6347 2785 6635 2971 7699 9130 1197 6844 5671 4627 792 6747 4524 5159 2538 313 3336 7753 258 9092 2017 55 2675 1873 603 8550 3897 8175 8860 6953 6494 226 4451 9162 9726 3097 2650 4920 723 3977 9840 1447 8527 5101 1576 5569 321 4512 9388 5897 3375 6091
59 3831 1717 2993 2830 7642 5944 476 3765 8566 9052 9378 6073 4227 6922 1373 33 4472 6274 1174 4938 4055 2183 4888 8511 1526 1647 4833 1182 6187 7589 522 5581 5114 9712 2034 2951 3574 5692 3371 248 6020 4781 5164 129 3673 9631 5039 6517 614 4326 7544 856 480 2487 2881 6235 8167 2791 694
59 4078 7828 4107 8315 7216 1424 3772 6416 479 1520 7528 3744 6348 9165 7572 4298 6752 3243 2477 190 1519 615 373 8617 6454 4284 4147 3094 8435 5330 8883 5804 4112 9598 5539 2425 588 9465 2988 6083 97 1075 5620 5364 7862 4253 9569 8556 2197 3998 5864 9759 1404 3607 9542 5621 6650 6561 7364
59 1572 4141 558 1833 1846 5149 8927 854 747 8003 1139 6177 3707 4005 9537 9907 4282 3587 5512 6615 8518 9126 8652 9363 4292 5404 8857 1962 4583 5839 4371 305 982 7102 8999 3013 887 3327 5272 9345 6571 5697 847 1324 7017 5518 2856 1633 7376 4008 7705 9112 426 3197 1891 4699 5779 3570 519
62 4523 7427 2823 2996 2091 1831 846 6720 1205 5156 130 6374 4476 4867 4553 675 5079 3513 3480 7592 4348 5510 3340 9835 7522 4153 223 8106 2977 7792 1294 2811 3096 8882 4845 4421 5026 1391 985 4070 1654 3433 7879 6247 3445 2816 3591 4000 6489 7619 7220 5342 1728 4688 6867 3649 3601 4590 7817 3472 9192 419
60 9888 4322 1472 3288 1125 8654 159 5984 5545 4535 2 8547 3291 4983 5182 6411 8970 9235 5784 3420 5916 4885 8042 5508 332 4774 8967 2276 2066 3303 1870 2404 9845 8348 998 6323 4051 8757 7438 7248 8230 7510 6314 8 3965 1513 3874 8411 6467 4505 9886 7332 9934 4584 7930 9615 836 6142 3808 6835
59 102 1965 1587 8299 4447 5049 4122 271 5794 6363 1926 6504 2912 3267 4104 9745 9394 8001 1836 5802 4864 8602 8260 9526 4344 1045 5442 259 9279 3269 8384 7962 8597 3108 6170 9560 5394 5810 307 5708 6777 4711 4225 6987 7451 4620 7987 349 3478 4927 3706 6920 7386 6308 6184 8402 5591 3080 7134
61 7584 13 9742 1599 9360 9117 4259 7695 3987 2472 9806 2756 9632 7986 7381 7637 4722 4358 9675 9044 6163 7765 8466 4898 4443 6651 5000 8721 6025 6811 1459 6484 5075 264 7763 1832 4955 3418 6050 4404 5655 500 3337 591 3787 6913 7454 6081 9948 8510 5017 7683 9978 7770 240 2008 3101 9505 2016 3403 2894
64 9159 6808 4852 9872 7047 9498 2332 2496 5097 5846 4957 1417 2343 1907 4001 5066 2609 2298 3151 4734 1064 7660 4527 6364 3835 9593 84 1214 7355 9280 8115 8231 1482 3942 9923 4213 7558 2658 5248 6962 4654 5899 1656 8233 9644 9566 72 1605 770 242 607 3084 296 8576 9557 9208 4479 253 9705 6266 4540 1268 9827 9577
63 4960 3363 4801 482 5703 6214 2069 2649 9755 1675 3953 2966 3898 5654 7773 8924 6753 3297 3335 3520 4117 5769 619 5070 2595 3286 9703 7939 3456 2004 8142 9367 4779 1146 9716 7013 2631 4838 9021 3884 6512 7027 2402 8608 7780 6349 2458 6109 767 1328 5300 948 6248 6828 7477 7713 4384 7726 8228 8771 265 8629 4087
61 8849 8099 746 8698 3562 3704 1191 8286 5914 7636 460 8053 2353 8766 1042 5619 606 9107 8506 6186 437 2552 7419 1233 594 4519 9116 5249 1044 7118 3730 412 6345 5540 3657 611 8031 4492 7218 8221 4596 1763 6199 3761 6373 5264 6477 5172 2503 8010 1538 1287 4531 638 4274 5549 9698 9573 5042 2719 3818
65 2851 1769 4760 4830 6982 3265 6154 1712 5529 5345 8134 9079 3201 9129 4249 3762 3332 1592 4948 674 1821 3724 8874 6711 1679 4064 4990 7906 3817 2610 1405 4430 2686 5993 1936 4011 4276 4335 2108 2445 2798 440 8186 4763 9144 2665 7821 4982 3793 6391 8449 9539 312 4038 2065 4877 5615 5747 5586 2959 9444 2380 3970 6133 2994
61 7418 5062 9284 9445 5326 6931 8657 49 8297 26 1745 3518 9263 4636 6580 7719 7467 150 8365 3715 6331 409 9317 5397 1309 9857 5951 5834 8337 9303 805 1914 5006 6624 4332 5648 4740 7898 2899 9156 6689 5799 8098 7959 3217 1332 6855 4484 298 8852 2978 1716 5391 251 8077 6798 9474 3734 4963 6055 5666
66 306 962 8057 929 8372 3247 6671 9584 5209 9646 9732 4279 291 663 2236 7668 8663 8281 5435 4116 3651 5301 5278 8025 3176 3743 521 822 8815 9651 140 8639 2235 406 6892 914 5270 367 8713 7159 3204 3639 5150 2026 3261 8138 672 2676 9386 6067 708 3990 8838 8902 8836 2618 2721 894 415 3979 8416 7246 2781 4256 5208 4964
66 1141 5919 4804 3902 5645 8669 9594 726 3693 8080 8415 9352 2614 3350 1049 3620 221 7158 5796 5446 5296 7163 5639 5074 5121 6225 7536 7195 3020 2325 5974 1483 6063 8149 1885 278 6072 7385 1057 9564 9852 6965 4570 255 2726 1884 6346 1159 8676 8600 7137 8635 6592 6139 8802 9878 2691 9148 3760 5092 1655 7965 8768 7806 8395 1627
68 2805 2672 7914 7256 3756 474 2864 8207 436 5334 6258 9930 1124 4436 5574 9549 6822 2058 5863 6519 5396 499 2403 9531 5975 3565 8917 4124 413 1915 8552 39 8824 6665 3393 8255 8807 3894 8796 7184 2821 6991 6306 1161 5806 9626 2723 4499 2460 9611 2827 3115 7657 8126 4651 8179 4150 6797 8197 4702 2567 378 3840 788 4586 4556 9404 8465
63 6424 601 6227 4671 352 9868 9695 7611 3640 4896 8841 9627 1239 9139 8711 8006 4302 3326 8737 1944 7993 2843 7664 2286 7462 1329 5124 3290 3134 3705 9464 5579 1314 920 7035 6786 6924 9066 3571 3325 5003 1502 3414 9758 1684 5893 5722 2172 3561 9536 5824 7486 9667 6832 3547 5633 7677 3345 2985 1678 3913 7063 5921
67 7426 9925 4469 6791 1573 5160 2086 1040 4794 5511 7449 3932 1597 3764 678 8575 6464 4486 6622 9943 2687 4465 1725 4025 2281 8689 3487 3670 6707 3191 5290 9739 6143 8371 2903 4918 8675 3700 6462 7757 1713 3129 3319 9262 4812 5464 1426 6054 6140 122 2240 3862 2421 6196 1318 1583 9069 6366 8117 9563 172 8830 145 5635 6320 4771 411
65 9321 8724 6956 9038 3628 7395 2554 4803 1275 2693 1278 6869 2339 9752 1095 1412 1165 8958 6419 9954 3192 597 3774 7243 3398 3402 6999 1825 5200 4749 3065 7948 5220 7431 7725 6698 1840 2714 4496 1571 325 7410 4475 6127 1940 6043 935 5143 3593 9859 2102 2437 7523 4366 8203 262 9285 6667 2189 7631 1615 7178 6017 9556 4331
65 3145 5552 7132 5030 7606 8983 9361 2604 5898 2933 3735 1758 8277 721 1659 8050 745 6393 3871 841 9851 8483 1020 7875 8153 1395 5694 5828 6763 9068 3321 6908 861 4633 5962 1838 2704 2226 6075 6353 9553 2929 9706 4618 2208 1733 5745 4876 1703 1922 7665 9680 441 3577 1815 3014 2094 581 4947 7900 5317 8132 5050 7774 3116
66 9340 3581 4980 6557 4246 4989 4797 8781 1410 9592 7323 462 4186 5940 4252 949 3091 9565 4969 3745 3156 9314 3532 9973 4262 4306 4720 8294 9012 3819 4295 2121 1418 5427 3828 6749 9453 5718 9098 3137 9011 4693 834 5628 1471 9518 967 5194 1775 3206 1107 6116 5085 3627 3081 2046 5337 8018 6153 5907 9586 2911 7470 6626 3444 4625
67 4661 1187 2191 5383 6683 2793 5903 417 5886 3867 5826 9816 2860 2126 738 7842 7239 2057 6128 7369 4350 8274 2233 4110 5763 3908 4500 4921 8907 2948 3146 3981 3585 4986 9902 4723 5732 5443 6350 369 2130 2364 2181 6712 5357 5419 9239 6788 7504 8059 2002 5576 4242 7902 1878 8823 8777 2926 6356 2938 7856 7107 166 2969 3826 6639 2661
68 8090 9960 5801 2765 9213 9417 8971 8400 8017 3476 5349 3612 5680 5945 2221 6500 6634 3541 9183 9172 5406 4003 8680 4792 2909 2030 7727 9917 9575 8047 2685 4316 7288 863 1029 3889 5606 2348 3211 5373 6594 7206 4164 302 905 7133 7762 1116 9401 3566 5338 1388 9605 3538 7139 6 2405 8043 8846 6838 2088 4532 4811 8743 340 3038 7422 7688
68 9890 8502 1568 3025 523 9031 1805 8919 1192 9224 3844 1737 3036 1283 73 8176 513 9439 8022 4134 8812 9949 4264 1883 4204 8253 4544 1206 1709 9855 6018 9490 8686 7588 6915 9959 4761 6540 1122 3599 4125 335 1117 5385 7079 1286 7083 2696 6193 6549 5743 885 4041 4121 2669 983 4042 8058 2866 7518 12 9045 103 8928 1473 9544 4235 9860
68 1466 6330 377 4494 6597 8125 5503 9747 7922 3921 3694 6445 6407 6421 2768 215 4314 1547 541 8920 9795 8581 2161 3086 6412 3330 2725 6287 3563 9007 3635 3685 6684 9261 9844 8279 2077 6450 5268 1536 494 9683 6403 5340 1732 6967 6789 438 4731 165 7302 959 5088 9789 372 8811 9977 2214 3752 7738 7164 5787 24 9580 5432 2956 1508 1177
72 7901 2146 2517 27 5336 1196 6151 2512 667 5668 7543 1220 229 8108 1612 1760 7412 1521 2642 7356 8377 3644 9451 1310 4413 3742 790 4652 7525 2705 6585 1934 6735 7884 1879 9334 9160 210 7044 4424 2315 3886 386 6334 1780 7578 8537 424 807 9946 763 2605 890 3689 3613 9036 7512 7754 88 4664 8112 3936 7413 2478 2448 9422 6442 7861 9403 5930 4821 7555
71 2163 5673 9740 9887 7946 6729 7015 2330 4239 40 4151 850 6961 4573 1210 8954 515 4795 9915 5228 7240 7916 4953 5935 1207 2558 7610 4844 9502 9332 3131 4599 909 7860 6716 2683 7058 8780 5519 2125 5737 101 1403 4800 2229 2029 4299 9511 9701 9911 2958 6107 8822 6031 2875 4485 783 2545 5665 9524 3930 8979 3015 4841 6881 1967 8619 6149 8964 7756 7414
72 8453 2381 7297 4236 8366 8903 1531 61 7394 1809 5968 5612 7177 7723 5400 4495 8634 8201 5925 9892 8828 9084 3770 8528 576 1668 1226 881 1880 4002 4101 5451 5063 7612 6024 1494 7012 99 3672 2326 938 6180 3043 4043 1033 5123 5060 8291 2192 4778 2602 8930 7904 9245 284 1912 7339 4613 857 7524 3208 7505 509 1798 8880 8750 4680 390 5970 3918 1778 7887
73 8561 3240 5325 6897 1035 7494 328 1956 1924 5537 4937 5534 6237 2048 4408 7249 706 2154 232 6395 2745 3281 5760 9994 1603 4363 4158 1693 2646 5311 2116 5852 9689 9287 9618 6192 4748 2759 8621 1054 254 7758 9047 2593 8702 7829 1213 8259 772 9429 4405 3738 7940 1072 1384 9259 6886 6801 3022 6335 3510 8685 9143 7604 1518 9765 3138 2616 6737 8583 7165 5991 7010
77 724 94 5837 4805 4303 3551 1768 7358 2365 9042 817 4455 1863 1059 304 5726 9963 971 3443 3917 8488 4315 252 8638 9338 7135 3229 2513 2100 2178 7400 4667 5352 1544 9135 4382 3132 8109 4351 7853 8732 2283 3677 2224 5643 2341 955 8133 2521 5186 326 912 9237 829 1561 6937 9775 1343 1381 4462 8888 880 4039 695 4884 8779 2812 196 8935 990 3816 5844 2306 6564 2530 9510 7796
72 9696 2156 3209 1942 4392 5889 9743 5213 5153 5310 7384 4415 3177 3380 6681 813 8046 8913 3203 7347 1777 261 5822 4370 1872 5429 7284 7068 8347 2857 1630 6993 986 1847 1467 8066 5994 3896 6380 9050 3499 56 8425 6877 1931 4609 3222 6232 3031 7506 5807 1077 9132 9468 8382 7169 6799 8706 2964 5677 2976 2264 8002 1975 6921 5918 8270 3366 8412 7608 6179 5486
75 9814 7229 1824 3076 9243 6001 7030 1556 6265 4068 9492 4480 7985 627 9115 309 6985 2429 7203 6859 9571 9272 1888 9415 3158 7745 1871 4542 7037 2924 4435 7432 8899 5905 3449 6137 918 4045 2204 7112 693 1830 2287 8283 4149 9999 8034 2690 755 2420 6695 3255 495 2361 1844 5888 6071 9013 2619 6289 9022 4108 7287 7616 7807 5809 8376 8731 4827 4600 1270 8240 4767 9941 5107
74 804 625 3179 3665 5952 5475 5206 7496 2205 3385 9636 2578 3557 3139 5724 2137 1794 3114 7299 6036 3604 5105 6550 3887 1193 1792 1431 1986 2062 9793 6862 8611 6367 3795 7150 8963 5833 7696 4829 6147 9666 917 7556 1616 6376 8226 7273 7823 3088 370 1087 5362 7716 9319 9000 1949 2196 712 1086 1112 823 8520 3614 3239 3196 6327 1601 7843 448 7837 1001 4419 6173 7936
77 8607 280 4501 6543 9826 5324 8399 8513 4650 4217 7020 779 7232 1462 9773 1055 8564 8609 5218 3556 4809 5312 5401 7693 3865 7703 7291 3892 3407 6927 4582 5611 5080 4985 6337 8334 6508 9207 5152 8560 1667 2741 6644 9312 2187 5484 299 884 6079 6487 8420 4742 524 4879 2598 7797 2628 6458 6536 3691 293 8101 5120 3438 640 787 1333 1227 2834 5734 4026 368 4268 4345 1851 3188 4300
75 4260 3832 1512 3496 23 9942 3460 7694 3519 1835 7084 8829 1325 4629 8250 3755 9356 7375 3079 6244 3489 8911 8645 8398 230 9634 5035 1256 4374 2643 5347 8455 4547 4081 6298 1056 8925 1774 5716 4148 8475 1496 6653 4700 7212 1673 8843 478 6058 6528 9901 1582 6870 9271 7 7391 8785 8881 6702 8127 9881 4721 2422 4631 5985 6041 8305 1464 2041 2999 1991 870 8470 7886 973
80 3720 2550 994 612 1468 5608 7871 1021 2777 5669 3264 9128 9120 8530 7742 5448 5910 6746 2167 3783 9803 2770 3103 7296 8553 4880 2142 4630 1089 1218 9376 648 7672 1000 8616 9497 1126 7308 3390 376 5015 4199 1461 5972 2015 7378 1383 6078 4406 3109 3824 9647 2754 1823 7262 7325 7241 3017 2081 458 8428 1953 9364 1005 4267 9686 2732 7457 2203 9679 7280 6203 7951 5161 3962 3072 1559 6680 6537 1868
78 9443 9538 3929 7574 7793 2241 5740 2858 9039 4824 7867 170 3323 9761 9777 7974 8754 6779 3847 308 7896 7278 9583 4247 925 5146 5490 5793 1228 7645 9677 7596 2852 1320 6352 8020 6429 4098 3054 2010 5202 6362 2872 2206 981 4033 3213 803 3805 2321 3329 5098 4359 8056 3372 6381 3365 1463 8212 3307 2089 9306 752 2553 9508 1281 8192 652 731 9912 2828 8501 2544 5712 3106 9015 2783 85
81 9692 286 8406 2803 9288 2890 5721 3471 9787 3044 9019 8438 6382 7295 1123 4018 8681 9258 15 4069 9315 185 9648 6978 87 8700 1980 1248 871 7131 4728 9090 8892 7983 6224 9228 6114 3974 9185 3003 3382 3271 7171 7033 6565 1047 3971 6884 414 1581 6336 6827 3945 8208 4770 6469 9746 7686 786 4772 6733 7736 2597 3586 8742 6077 3713 7121 5261 2703 6901 4981 4197 3451 5948 2789 9100 8945 3554 496 3143
77 7781 2713 4066 5008 314 5528 6294 3302 8356 3598 4717 8613 6283 3283 8884 3716 5912 9961 2591 9546 8328 2247 4205 1759 1253 9737 734 6385 7305 199 6914 2913 1069 2825 5405 3415 430 8842 7298 6375 8436 3389 6134 4080 2527 3814 1906 2806 7975 2839 3822 9730 4187 6035 4861 28 5788 2932 3294 1251 9623 4979 4624 7342 44 2533 1580 7152 7991 891 1550 2031 7593 6189 9866 6730 2249
83 2698 1539 6668 698 9257 8870 8434 8850 702 6655 7351 6973 7442 1448 3391 6242 2569 4567 4304 8239 3997 4621 7866 6874 1411 8005 1620 5183 5133 5238 1671 7407 8245 4988 5291 4212 5766 5847 7549 8826 3199 7025 8378 3175 5752 4317 3437 4113 999 6518 1495 1013 6045 4836 4911 9337 8199 9199 8704 3617 2880 8357 2377 1041 4409 7933 5316 2865 5158 3943 7281 6222 9099 3710 5032 4518 4913 4352 4832 824 283 3857 1363
80 8545 8383 275 3361 8170 1113 8797 9459 5129 9699 9836 3954 2168 8615 8701 2218 2301 1414 9184 3486 7840 3439 9457 6300 2707 6361 6344 8040 1837 360 8147 9952 301 2124 7404 2262 3356 5894 4617 9002 2845 7075 4471 2739 3344 6607 5040 6628 7217 2113 5617 9266 875 1043 7127 9801 7685 4863 9114 7565 5710 8451 1669 8104 4783 4681 5091 1279 1543 8516 5937 7731 4237 7002 5548 7294 1345 6955 9982 2507
86 3104 4397 2090 7787 8523 3937 810 7014 7335 5247 8949 5566 9384 6313 4655 4009 5229 9825 6566 4730 4673 5353 9622 7960 9936 2158 6236 7755 2176 6824 5879 5514 8628 5279 2255 300 9780 2900 9906 7712 6060 4925 2082 2617 7586 4851 984 9681 8190 3978 5790 9387 8867 5447 6724 7365 8171 2625 3244 6736 2592 8856 4668 6165 1755 4022 2190 8853 8169 1183 1546 2282 9074 2360 8736 8708 1361 4346 4872 8060 8353 1211 6264 7747 126 9307
89 7186 8468 7704 534 4754 4807 1816 7689 1140 7864 1499 4400 82 5226 9382 9097 6794 9678 8257 7538 6686 1784 484 6744 8292 6559 4931 9203 5502 4289 4489 4941 4163 7761 7039 7706 3846 924 1489 1642 339 3807 6544 8489 6483 48 2225 9668 1382 6841 4488 1272 9734 8773 9419 8023 7231 6946 4787 8304 1480 9230 7826 1026 6831 988 7092 8079 217 5319 9691 2336 3996 2884 5764 4360 4367 6709 2510 8165 7090 806 2119 3148 4353 5717 9431 1185 6216
88 7337 1893 1896 9820 9336 9591 1186 34 1976 4006 2715 3524 60 421 8693 2914 9096 7408 132 5901 6427 6286 6205 2794 8256 6538 5274 1555 6268 4679 203 9720 2547 1708 560 3631 8844 2539 1650 6010 4294 8278 782 2682 4420 3220 6502 1094 6100 9609 9264 3650 6807 9140 1346 1224 2299 4704 7003 1291 4023 463 6685 2515 944 5626 8473 757 8998 2621 821 4296 3135 2694 6339 8535 4138 8533 6704 1820 3652 8891 3474 8978 696 2809 2901 5453
86 1925 4796 8568 3878 7448 182 6888 6890 9685 5237 2963 8745 6351 2051 5251 593 1016 4096 2468 2359 320 8478 6738 1657 4457 8904 6097 400 4062 5906 3606 1002 1172 5768 510 7989 71 6941 3317 4160 5761 1829 4551 3495 9290 8688 2889 2432 2692 8319 3376 5493 2200 9509 5043 9641 2997 6682 5891 3282 2035 7269 2461 728 9402 4403 9063 7197 735 2109 2302 2483 1957 9713 7463 5466 6495 8582 9687 7008 4422 3956 6269 3829 9255 9212
90 3492 8472 8730 7235 5771 4088 8592 5908 9797 7969 9606 7798 3295 1024 6102 375 4718 4817 6966 5683 4313 6299 9599 3854 6446 5457 4385 926 7202 3069 3675 2078 4945 4178 5480 1163 5083 4376 239 9372 7509 1721 2165 6836 2730 8761 1894 2324 6629 5378 2219 5642 8210 5081 4557 5236 744 7635 1903 2045 5444 6839 7825 8086 9944 9843 5933 6158 142 8065 346 6209 2896 2638 3559 9766 344 486 8559 8164 8660 9001 9828 8236 5372 1150 2594 9410 5240 9204
94 4949 9447 9957 3533 4060 4766 9441 4238 2836 8431 3501 2876 9804 3618 4034 1554 2535 4834 7147 4784 4030 4903 1300 590 9238 4394 3528 1368 5739 5168 6328 1028 9883 8944 5068 2230 3546 3506 7824 3484 2188 778 872 865 8248 3251 5367 9217 2666 7844 6846 234 6743 4676 1876 379 9427 4525 2043 9405 2270 471 840 2319 8869 2344 4554 3475 4234 7913 3338 6370 3676 8427 2612 3163 5719 2063 9065 859 1947 717 6181 6532 65 1022 6762 9293 9731 9829 1350 9782 1099 7534
94 3632 6062 1437 8678 5197 9075 915 8969 4808 8503 3698 7724 6983 8699 6995 5423 8162 1588 5883 6816 9831 3019 4015 134 9477 1245 996 3100 9240 9436 1219 4736 8988 6715 5189 6033 4657 7423 6813 4266 5137 7958 3360 133 2790 1147 3771 6272 5504 5048 6228 6156 4177 3692 2462 5187 4737 6963 8461 4534 6124 5246 7961 923 599 246 549 9137 3564 4102 7085 8508 7594 3469 506 898 4848 1297 5538 5702 4459 2095 2962 8987 6358 6068 4895 7852 9383 4714 8216 946 977 2388
92 8128 8205 6610 4543 6200 8710 554 1842 1751 3643 2012 7552 8885 7982 3582 2141 432 5416 7667 8992 8966 8368 9223 690 975 4387 1299 7405 5772 5838 4396 1301 2415 9375 6171 8391 642 4892 8801 7990 6612 109 8185 143 2500 6457 9800 3646 8630 8362 8490 8422 8168 6530 1469 6617 4321 1195 812 5038 8271 7428 4389 8331 8795 6949 7819 5089 7263 9369 146 1481 1989 4468 2491 7453 3214 4646 4271 8712 2308 3041 6988 8487 8916 8374 3161 3957 119 9873 7718 2980
91 5939 4878 7096 3119 4765 1491 4503 3383 6463 6928 8875 2570 3306 9073 6790 2815 5460 5020 3292 7430 489 5351 216 6099 3669 5157 6994 8649 2917 6162 5757 5700 2722 9889 323 391 6918 8505 9728 3490 8145 9057 4132 3695 7104 2944 7114 2615 9390 2251 6453 9617 2695 4610 8217 3602 2333 6739 2128 7628 7684 6863 8800 454 8048 8091 4445 7497 7469 9608 8160 932 1869 3447 18 5009 4571 2627 2571 8658 7261 5609 8024 8272 6029 3931 3540 1653 3876 6596 2504
100 6319 6497 3833 4568 4951 6959 8851 7929 4091 874 7516 6092 1422 3462 5598 4192 7383 1276 8421 3703 3881 2673 1593 7110 6309 8741 2728 8349 5302 2179 2274 8627 3215 2511 7062 4641 392 3925 4047 1889 5175 527 1935 5441 1097 6486 1744 7043 2761 2171 2800 5132 3514 1068 9283 3370 8759 8051 6521 5958 297 9596 9624 7210 3408 8116 3852 3776 8839 6087 4786 6894 562 3189 7535 9639 7250 8923 11 1857 7128 6501 7644 6103 9253 3588 8247 9788 749 9517 5110 9244 7789 8070 6633 8298 2213 8589 4690 7260
99 4390 9460 8177 7529 7421 276 9522 429 2736 273 9621 8751 1985 3266 7728 2677 163 236 8865 704 4975 8831 4672 1222 4004 8460 4325 2624 1118 5547 21 6574 3431 384 6449 8659 3834 798 3011 7429 2973 125 1498 8137 3477 2939 713 7265 4280 2372 1927 8610 8200 7630 2111 2327 1 5252 4085 7848 3056 8495 4842 7447 4837 19 2490 179 7160 201 4203 7113 2317 765 1966 5558 7360 8433 5686 4593 3661 8606 1800 1393 6013 6533 9023 8893 5471 1385 3083 8585 5845 950 2481 2532 3555 6804 8194
98 5756 4994 6992 2557 3339 4769 2305 2042 8083 3763 1267 1890 2144 4250 571 1740 5224 5318 7016 6643 8790 7441 572 9182 106 3780 9781 6523 1039 9153 1096 1688 7767 2052 4028 4127 1867 1908 3174 6115 3629 6728 3010 877 7973 5840 3441 895 6692 6895 7018 6451 802 131 1173 8972 3927 6940 5614 7813 8519 9534 1265 6939 5773 4498 4372 2580 742 1334 7599 5607 6095 8163 5684 5381 9348 2072 5408 5599 3141 7119 1626 6818 1474 7810 1305 8244 1015 2572 5667 9971 1638 1484 4965 9838 8753 4644
97 9913 8492 5564 9470 191 4458 3659 2244 5483 9966 6748 4966 3150 5520 3992 3757 7180 2519 5744 8375 5188 8012 5348 365 3040 435 2409 7561 5887 8154 2937 8723 4432 1083 7190 6609 7776 7811 6586 9809 1319 9628 1796 5600 710 777 7077 1401 1145 4637 30 4139 6226 6930 6726 7546 4970 4059 3820 4738 1941 7040 5927 4357 3245 3666 3976 3915 6468 5414 9684 206 3133 7224 5243 8647 6848 9221 2294 2427 3848 2626 8567 105 4995 5593 396 2345 7435 9003 7764 1928 7850 2267 503 7215 3595
108 7031 1746 6093 4169 450 3260 5942 5675 1100 540 896 9612 7367 3009 9980 7144 7286 908 2053 5368 2608 6007 8093 5424 4452 1167 5748 7483 6675 5012 1259 3166 1643 5983 1564 1158 1444 4873 2412 6693 4835 8604 116 6082 9501 9010 8864 922 628 4813 1771 9763 9256 9359 7587 7088 1664 2185 1819 5695 2888 6111 9630 6977 4843 6466 8158 3596 8396 2684 2131 9473 1748 9294 4464 6004 6219 9105 6645 9373 8209 3526 9305 8951 5011 9433 3947 1997 2177 7052 3112 6688 5173 8695 7791 1115 6972 4619 7089 4552 5859 9094 7474 3381 5960 1551 7996 9958
109 6461 2855 1670 3312 4870 1862 5553 2769 4 2573 5207 5999 5308 2555 4084 1264 289 208 6485 3731 9504 1487 8285 8572 2748 6902 927 9491 3934 8783 9854 6084 4958 9056 1104 70 6820 7275 8159 7082 4565 4687 1371 9833 858 2724 3778 5664 6253 5265 178 539 8787 1457 5646 5546 9197 9794 4750 8401 193 1848 1789 6326 8155 1336 2173 3162 9867 4868 8997 7624 9316 9005 3485 6896 5421 4216 7920 3230 6194 118 6723 1586 5709 5019 4999 6887 7306 1337 3450 1682 634 8241 5459 1509 2706 9778 9774 2357 7729 371 7921 6332 4707 2957 5044 2155 3708
103 5136 227 7979 108 1590 2940 6117 8324 3811 2253 5829 4156 6767 1969 4887 6554 2840 2918 5682 2644 7201 2908 5850 7541 6919 2027 1258 4575 5235 8912 1304 4691 9420 9771 7352 2986 7802 6191 9821 4100 6178 1303 1321 5118 6176 3759 2056 7919 1170 7130 1358 3401 6321 8223 6166 2193 2475 14 775 6621 2945 8847 1632 9671 444 241 1246 6527 6505 8491 7098 7283 8452 9234 7814 4198 3726 7452 2363 2905 6911 5155 754 1951 4450 8343 3527 7617 4291 1943 5430 1446 5926 9987 4890 4592 4548 6842 6969 8819 1367 4747 5738
110 6595 9227 1037 6970 5112 961 3172 2145 2640 7579 1855 1795 4739 2024 62 5706 9242 8756 6341 7464 2637 939 4478 2853 6218 383 1149 3912 9308 5821 1307 2654 5856 4726 5597 6318 3986 353 2935 1524 8144 6085 403 5913 8538 709 8814 4743 1553 3028 866 3801 9707 4277 7831 9876 7126 4072 9483 7515 5076 5541 2568 3552 1973 1351 1338 481 7832 8671 7357 3466 4159 4972 2861 5094 7548 7749 3223 9210 1979 3165 4209 8188 9602 9181 6086 4959 3729 4416 2248 3859 8637 2709 1316 6929 4580 3583 9398 8011 937 1916 120 7174 5481 2968 5851 9768 9969 5211
106 5069 5113 7638 144 7698 5387 3064 3268 3682 9033 2049 785 6016 5990 7488 899 5857 1004 7054 250 8673 9880 107 5253 9362 2001 5523 6740 9254 7784 7812 3362 995 8862 4401 1548 3434 5811 6997 1618 1144 4658 8345 6829 6406 2534 8915 1968 7953 2464 2369 1052 8926 4373 9424 7124 7564 8975 1918 645 5174 4645 583 9709 1623 9922 268 8198 7573 4086 1970 6285 6529 7646 3964 7226 8069 5328 1202 8521 8905 2162 7445 7101 6317 6769 113 9020 8554 218 2731 8981 4840 7156 9113 7029 4224 3589 5736 1313 966 2585 7978 341 7652 9154
107 7309 5472 6003 350 6936 2399 8282 3396 8950 5258 9123 8549 3411 8072 6868 5949 5126 8957 9665 3033 7944 8454 7915 5163 6854 8441 425 8182 8238 9658 3813 2799 1349 2522 5501 38 1723 8931 5661 6882 8536 7877 6951 1929 7258 6399 3446 9552 6873 3888 1070 3920 214 274 5095 5409 1567 8764 3799 9469 3359 7353 1584 8866 5733 285 8419 9846 8403 8692 7507 7640 1284 8064 3966 5141 8229 8719 7465 5765 5358 7480 5624 2250 6260 1790 7154 2393 9805 6660 7858 6654 9613 2385 31 9927 5256 3467 1323 5489 7772 7697 518 2493 5273 5065 1199
114 1983 1148 3324 9933 5751 5128 9984 9956 9175 4715 2186 4910 952 1644 6322 6292 7259 1076 2138 5693 703 1542 8442 3619 2450 2674 2738 6944 5570 2303 5900 8123 4929 5023 1516 8224 753 868 7771 7928 5106 5395 3314 2416 2465 4601 1091 32 1452 2981 5767 9931 2237 95 9196 815 6282 7307 9400 4129 5037 7236 4893 2653 4493 4103 5957 2271 2164 2272 2596 6875 8161 9897 9614 3052 8580 3809 4220 5656 8280 4755 1155 137 8922 5140 5981 6771 8985 826 374 1017 4733 8747 1378 8306 3098 77 4615 3274 575 8484 467 1295 5543 6404 8290 2670 6498 7066 825 2157 1993 8636
108 6475 1036 7219 2304 8540 5333 3442 3 2085 7416 8697 629 4165 5144 9027 8594 2710 4597 4231 1322 8620 5177 9975 2238 8389 685 2310 2601 3654 431 8993 6188 8358 6856 5384 3825 9993 6672 644 4136 5327 394 567 8938 7300 8094 3502 3944 1856 3063 4120 7893 8355 4839 5730 449 6204 2740 6009 7889 2727 4648 4865 3885 705 9676 3638 2259 5853 4399 1379 5602 1230 8767 2750 7971 9938 6642 9275 1658 2471 2566 316 5234 5286 9291 9277 5946 8515 3459 1958 3938 1765 621 9320 940 9080 9904 4698 2123 1255 3349 451 8092 8360 4708 4418 75
113 3679 5115 9385 4219 7109 7890 404 9515 7625 4286 1681 6481 7176 9147 3722 343 2622 2782 7087 9456 8897 2744 4642 1998 3299 2961 5369 9425 1610 1317 789 5659 7473 8325 7122 6590 8976 4952 5830 9750 3584 4425 7663 4417 5800 6741 6742 2060 9616 3616 86 2979 635 8242 6384 9209 5590 3895 7733 4244 5989 7292 9528 5212 6792 8827 9896 4826 9783 4853 3732 9807 864 1649 6984 154 8181 1200 7057 9574 7954 9744 8344 6101 6420 7461 2340 8818 37 3219 7551 4061 2559 8994 4666 7746 6136 9041 453 677 4380 6397 9463 3522 4257 6722 7123 8774 4526 4923 4635 2406 4678
112 1860 3950 5109 6620 2767 1080 2633 1715 4933 605 4053 3836 8293 6731 3225 6703 8111 9485 2531 8873 209 4251 5376 1707 6793 4545 1882 5969 9220 2960 8211 1269 4997 7484 4665 7209 3603 2647 6674 2397 3454 334 9249 2408 2818 6368 1176 5848 7344 1662 7493 7238 4230 9757 3961 3073 3567 904 4310 9717 8333 9567 7189 842 6476 7093 2473 3549 7710 4987 5431 8525 6023 2277 5979 7193 3270 5814 2476 7562 1232 7658 2374 9301 2285 4790 4993 1374 7868 485 9865 6201 6745 5725 2819 9710 4517 1634 3311 1486 4561 3308 3664 6776 4674 3468 1106 6390 5204 2007 8314 2338
115 8118 6030 2350 7161 1421 906 9751 3050 1260 171 6520 784 1093 6658 5580 2762 1440 4273 4692 2435 530 902 4640 1897 7078 7671 5976 9442 5407 5119 1423 4856 886 8760 9815 9412 7334 5818 8437 7785 2495 228 4379 331 4511 6129 2114 3941 7491 4855 6448 9430 5758 9292 9810 9119 3047 1537 7932 5567 7881 303 2792 8082 2307 6417 8367 6775 5977 508 4991 3428 5267 2023 8397 3342 1234 433 1722 7311 5753 7818 3221 8326 7252 6541 5445 808 2328 3111 6408 7411 2718 5711 1937 2779 427 2501 3779 8953 501 2441 8986 7371 5374 1184 7926 9968 3305 5877 7399 6587 4097 1773 9138
111 5377 7707 9702 5263 2906 3455 7992 6005 7957 4082 9874 6262 4093 8746 9407 9055 9585 93 2334 7489 8718 1541 2541 8235 1895 4521 8316 9499 2892 4483 7580 4559 363 9093 5055 5904 8213 4281 8214 2050 5699 4823 2923 3975 1695 7340 6206 6780 5024 8446 838 2424 6398 4477 3250 2387 183 4232 2708 6302 7500 5154 8414 4191 3419 1741 1710 9017 3754 5103 4649 3077 279 3999 4725 2733 7627 4528 4007 6259 1617 1687 1331 1646 5792 8388 7799 3426 1108 8648 3841 4905 7711 7396 2093 1939 5650 6311 3653 1288 769 6821 1607 8187 561 2456 4135 2952 2587 7049 2149
106 8625 9273 2752 357 4587 3238 7952 5522 2295 5166 2346 6105 5138 679 5303 4395 6389 2433 2322 8517 720 2983 2832 9339 5355 6847 3144 9690 1852 1419 7925 4168 3379 9127 933 8734 6434 3955 7370 2699 5890 2877 6386 9158 3893 557 4368 2032 2256 6851 1511 8960 7803 1088 3113 9426 762 8119 536 9174 3880 2941 4719 2639 3248 1400 3550 5923 1394 2688 6803 4939 3843 5892 4073 1455 8157 4729 1110 1497 8739 8088 2376 4705 9034 2104 4228 1119 9863 7166 3207 6028 3985 9767 3719 1672 2829 4791 3202 3872 8539 9330 7655 6088 7187 6906
98 3914 8063 4195 3623 6113 7603 2166 3733 5210 5022 3001 1804 2242 6369 9350 2950 3904 6547 4758 1810 9289 8486 9270 8493 8309 9260 7409 6185 1092 5413 9110 5647 9089 2808 7766 4290 7838 1933 9216 9655 7846 2463 345 4598 533 9344 3605 7700 7622 5239 6861 9077 4555 613 5884 3125 1720 6120 7632 774 348 1757 7051 7446 6641 6834 136 9048 1274 2764 3309 9146 5992 1506 9945 5873 1443 7977 4255 9924 7289 9576 6002 3717 3168 2268 8105 6883 6094 6524 9349 7841 1399 7270 3529 7908 4871 8670
92 8074 5658 6444 1257 795 5525 1131 3804 5323 402 3830 4745 1012 9059 8848 4799 3185 7468 2788 3254 5293 4900 6472 7415 620 7614 8131 5509 5440 2760 9908 5550 545 5791 6849 5281 3124 8989 387 3543 6878 9177 3301 9507 3409 4522 6850 1858 8758 507 3432 7181 5498 5841 8107 976 4441 5288 1273 4330 8656 4491 5283 155 7274 8359 5735 1827 4427 5217 876 1500 3374 828 2284 7228 4850 7074 1995 399 9476 3328 3697 7801 2075 2620 2215 4339 4685 6843 9343 1911
77 7519 6677 5086 5051 6125 3537 2258 3949 5875 4950 3984 9725 8036 6562 7142 1602 8588 3648 2457 5474 7743 4040 8258 9368 3035 54 9812 7377 7076 2548 6456 2720 3488 3622 5947 7859 7199 5924 4509 5287 2447 8480 8587 538 3473 9985 3690 4513 6558 8705 7170 8301 329 4709 6122 727 7420 4849 9449 9879 1782 543 7073 3910 6602 197 2398 587 1105 9869 3218 4354 1503 7315 2561 233 7207
73 3536 7721 6710 4048 3803 5556 9619 8914 980 4562 5343 1370 3683 7038 7024 6015 2083 5222 6531 6357 8055 4857 9529 8943 7387 3058 2122 741 4906 3121 4825 2577 2220 4378 263 5056 5001 3193 7808 4162 6759 490 6064 9396 4854 7786 6297 1008 1438 7198 7266 9313 8342 1501 8531 2529 6548 9657 1031 6579 6239 1685 3289 6161 2400 6217 5915 764 9296 6061 4875 6121 5193
67 8439 2701 6766 4514 2536 3558 7338 2797 7392 9990 6553 2318 9733 5277 9274 472 1545 6860 7472 8499 2735 1861 1557 8832 1988 5018 3435 2878 3798 2606 6426 2753 222 5755 1781 1950 2227 646 5630 8662 1065 7547 1476 6700 6118 3497 4626 5663 1843 2438 4971 5922 5025 5785 6355 50 5589 10 5780 7966 8268 9995 1954 5681 4014 5690 6301
53 9322 1913 8320 7768 2489 794 22 9554 4588 9885 1242 8655 525 1683 6069 9976 972 8623 8808 3392 5169 8448 6581 8661 1451 8498 2485 2231 4054 4847 4928 7874 8612 5165 707 1528 8071 1362 3087 4810 897 9496 2655 7501 3257 2392 6593 6038 655 5410 2134 2630 9741
40 6255 8646 8076 3037 1839 2175 4263 2919 6276 3212 7955 168 2028 3280 7071 9087 4869 2076 4092 7233 751 3736 2180 867 3523 1208 4816 267 7389 2117 6917 6241 2079 3995 3159 5007 8715 3048 2497 3767
39 1932 3182 3195 9870 2689 6795 6329 8603 5142 6233 6263 9970 9281 5036 2943 2651 2092 658 4211 6605 1569 1355 9298 6243 7034 6047 4744 366 6455 6694 6926 8716 4362 186 2386 1315 277 2494 8618
32 9533 7880 6470 6584 3784 3388 8150 5366 9842 9910 1168 2859 3969 6034 3093 6401 9541 8361 8806 3739 3823 4912 9061 3483 7857 1738 3285 4364 537 6546 8909 63
29 6212 2266 9986 9848 7317 1132 2061 1082 5322 1189 2097 9500 452 7571 5858 1984 1987 7254 2159 8354 1663 520 5341 2804 5562 5227 8351 7341 5707
20 2574 8668 1622 5584 6372 1157 6514 6805 3725 6089 4324 9198 8683 5836 6732 1690 1990 2611 3504 5885
15 5223 7036 2763 9839 1090 8570 5321 7293 4563 9649 9607 1791 3071 5638 2518
12 3465 4460 7466 945 139 7204 8479 8898 3642 5320 7162 7527
8 5544 7145 4063 1235 9802 8114 3531 4347
7 8863 4111 6647 212 3107 697 4659
5 4024 6480 7947 7348 9418
6 5339 9882 3006 1793 3952 5255
7 6942 2582 9481 1637 470 8392 9895
4 5473 7460 124 6202
5 6656 4712 9799 6413 6479
3 4977 9932 7649
3 7907 8009 6588
2 4789 9700
4 1864 6511 9784 722
3 2678 7911 4915
3 9527 7272 582
2 2480 7456
3 6164 7722 7577
4 849 5269 4188 6422
3 900 4916 6090
3 5033 3517 6632
2 4184 6014
3 2659 6065 6575
2 2367 5517
2 9770 3232
3 4539 819 7690
3 3634 531 6207
3 6576 1635 2451
2 3748 6614
2 4576 6627
2 9478 6051
2 1921 7326
2 8385 960
1 6172
2 5723 4361
1 4171
1 2254
1 8694
1 2103
1 4901
0
0
0
0
0
0
0
0
0
0
0
0
0
0
0
0
0
0
0
0
0
0
0
0
0
0
0
0
0
0
0
0
0
0
0
0
0
0
0
0
0
0
0
0
0
0
0
0
0
0
0
0
0
0
0
0
0
0
0
0
0
0
0
0
0
0
0
0
0
0
0
0
0
0
0
0
0
0
0
0
0
0
0
0
0
0
0
0
0
0
0
0
0
0
0
0
0
0
0
0
0
0
0
0
0
0
0
0
0
0
0
0
0
0
0
0
0
0
0
0
0
0
0
0
0
0
0
0
0
0
0
0
0
0
0
0
0
0
0
0
0
0
0
0
0
